184.828058 5.313898 10.431743
236.960934 5.363643 9.489598
171.339452 5.292931 12.219975
210.788219 5.398365 24.075197
154.997819 5.275242 12.183794
190.843733 4.867247 12.054719
191.917280 5.290323 14.137753
213.704180 5.359160 12.181746
193.400830 5.309510 24.274121
146.552804 5.271349 20.729833
152.131439 5.271648 12.172998
142.280251 5.541034 22.391677
232.016672 5.423083 20.619897
226.448854 5.373745 11.811093
216.998460 4.924736 8.371059
171.141030 5.337448 13.659905
176.811325 5.294091 9.720961
217.640318 5.336207 17.205871
188.508375 5.336348 11.291403
163.153507 5.297283 11.336246
184.498187 5.336522 12.227743
233.884762 5.382201 10.952419
183.479615 5.046269 18.216371
138.359723 4.703257 13.293011
228.131509 5.377126 11.339769
195.546154 5.334384 11.048819
235.240748 5.379899 10.703855
145.630795 4.731400 16.456503
218.751245 5.348846 11.650480
196.096900 5.506931 12.190795
195.711527 5.335505 11.130131
207.520479 5.321245 19.725310
170.581891 5.338372 13.604571
197.500259 5.296403 16.966008
232.864964 5.119550 15.085667
233.014845 5.372401 10.940784
209.306043 5.356418 14.095229
114.106515 4.905172 18.651945
176.704977 4.931727 11.558642
174.564477 5.297210 10.742965
236.981988 5.394329 12.515528
183.582706 5.310281 15.236239
222.127883 5.341964 14.645761
177.120702 5.318859 11.451275
183.186583 5.330779 14.701246
185.659745 4.861847 9.005677
179.593880 5.039790 18.060033
204.980596 5.305506 14.138499
165.218667 5.277738 8.833672
183.144616 5.323325 10.816738
141.105349 5.223829 18.557273
149.348934 5.266071 12.168292
212.959263 5.358895 10.752321
187.633038 5.333280 13.077313
214.261476 5.375526 12.417897
198.325202 5.303108 14.963041
163.804312 5.275568 8.656579
211.179047 5.318930 8.551922
176.639011 5.321251 12.512313
172.666457 5.300880 11.120101
216.708013 5.366672 18.570545
212.111074 5.327451 17.360507
185.216816 5.050903 16.496583
150.563704 5.553718 22.019059
208.887063 5.317762 13.889724
245.551555 4.953647 8.514009
236.494617 5.402783 11.390443
93.577549 5.506209 20.761935
174.947185 5.314580 11.126586
237.753087 5.400817 11.782548
234.028032 5.371421 10.858004
217.326082 5.322901 8.280967
173.096868 4.764199 8.964489
210.031688 5.356000 11.780716
160.359627 5.305099 14.238249
221.898761 5.370162 11.428713
223.142842 5.641589 18.073489
182.650544 5.045831 17.210132
204.958769 5.305445 14.128387
125.840939 5.230312 19.332673
149.490001 5.286965 24.538623
237.805336 5.400812 11.776286
133.284203 5.253688 15.530007
178.014672 5.309867 11.721893
210.304737 5.356535 11.779434
189.274415 5.297617 8.340226
181.656134 5.322851 11.204686
193.457294 5.309559 24.257753
230.168358 5.375735 10.743620
187.468245 5.322688 11.184678
214.978251 5.400146 22.471292
213.069419 5.331870 17.698576
180.049574 5.311803 12.544377
197.154826 5.310434 18.050520
213.840901 5.354480 10.850520
213.003211 5.329103 15.707986
193.464970 5.309574 24.241676
189.704292 5.302872 19.418329
189.861549 5.326853 11.418042
190.201827 5.284708 13.768700
116.167674 4.883772 16.393756
135.103445 4.966190 17.959267
192.589804 5.338160 12.674452
183.168978 4.858685 8.924932
189.958624 5.339890 11.699292
188.117735 5.319414 10.006618
215.073294 5.400756 22.574248
192.138521 5.331395 11.511347
191.104383 5.341194 11.823986
233.695155 5.371074 10.854083
193.807455 5.334368 11.393662
191.016478 5.299085 8.317031
242.896430 4.884969 17.506686
179.142125 5.309249 12.229067
134.728589 5.256026 15.562263
163.396274 5.297111 8.836337
163.550285 5.302651 18.710165
179.721610 5.310174 12.104779
241.793246 4.893378 17.455709
232.583366 5.427251 24.980777
183.047273 5.310991 12.121370
248.991209 5.135036 14.104179
134.492289 5.259772 14.724744
217.082466 5.364364 11.612274
206.268252 5.322528 17.499850
202.608402 5.347857 11.503884
152.550827 5.560100 21.828493
225.142770 5.379131 8.775457
150.210894 5.563508 22.288069
234.008845 5.382396 11.591226
134.095947 5.258970 14.745574
197.844585 5.348763 13.046422
175.095590 5.341963 12.590817
207.386696 5.339051 11.321857
149.937912 5.562475 18.815514
216.079982 5.398243 20.612560
196.379426 5.303631 16.377138
219.055447 5.366843 11.377143
215.410236 5.398446 20.555945
175.632700 5.291859 10.038721
191.473731 5.299507 7.046812
159.854202 5.277979 12.168946
249.183304 5.401432 12.146198
210.160702 5.326337 18.001360
241.079614 5.434139 19.318234
199.871853 5.339829 11.968917
219.480017 5.380534 11.180553
171.757108 5.562944 14.118613
234.614194 5.373179 10.713294
173.929467 5.261502 15.517611
156.463158 5.254289 11.236643
180.619323 5.303714 11.347054
213.719656 5.397268 22.554689
238.549838 5.390509 10.918183
227.507759 5.338481 14.567491
177.255853 5.322956 17.804277
226.707871 5.385068 11.865287
177.343557 5.308377 11.717784
220.365526 5.365424 10.942111
199.103895 5.341136 10.415604
165.211233 5.023924 19.639765
225.545907 5.374912 11.442661
203.556607 5.327700 21.092896
224.377061 5.375137 10.730481
210.349748 5.326522 18.025717
209.071570 5.355283 11.554679
225.821626 5.372644 11.411807
174.550956 5.297195 10.746722
202.857610 5.325831 20.706512
200.193842 5.351707 12.503531
229.693530 5.647560 18.264927
231.498085 5.397058 11.536736
171.074780 5.295402 11.648266
149.210582 5.560918 19.044917
242.429808 5.380711 10.719342
241.945432 4.892859 17.462872
178.148766 5.033846 17.802440
179.390953 5.301298 11.412880
146.845152 5.271720 20.681014
190.776016 5.330293 11.799860
178.889116 5.305770 10.939981
249.228961 5.401807 12.148426
179.306780 5.331690 16.064501
157.468544 5.300821 14.989999
159.832810 5.295768 19.148748
194.839930 5.305491 9.109336
236.903062 5.394195 12.508124
238.273093 5.359358 8.401709
224.910369 5.363634 10.895614
207.740693 5.350995 15.486554
208.941582 5.357389 11.821380
233.110888 5.371627 10.813105
169.699333 5.282020 6.350840
177.702249 4.956561 11.253977
239.022435 5.391094 10.915563
212.439965 5.358399 10.831609
214.346599 5.328746 17.112962
220.121258 5.365202 10.985278
199.475556 5.303983 14.966541
240.564785 5.384927 10.732963
186.650211 5.322015 11.773646
119.089515 5.189113 6.169519
208.377732 5.319820 16.162488
232.424887 5.426661 24.932841
209.267179 5.357879 11.837703
214.214617 5.375393 12.415947
171.325695 5.317346 11.585106
95.865505 5.041634 14.981616
240.624971 5.384056 10.723886
224.995174 5.376566 10.593780
156.835065 5.273049 11.218425
228.481952 5.417353 24.780416
174.607156 5.318215 12.006749
186.265738 5.317822 10.814408
200.798601 5.339243 11.028622
226.988751 5.414784 24.633599
201.943064 5.384760 14.656117
134.804609 5.256122 15.557047
191.759963 5.300822 20.868252
157.614959 5.274117 11.272940
55.717465 4.568497 19.967046
195.120870 5.333598 10.995725
224.769395 5.372275 11.089305
240.503984 5.388574 11.773284
184.681491 5.322285 11.502993
242.430185 5.364514 8.333980
231.326083 5.396318 11.532951
207.763403 5.641375 14.066639
224.513477 5.370908 10.784578
176.838543 5.296673 10.004149
187.098053 5.319658 10.883205
227.997235 5.390324 11.581798
240.679127 5.389006 11.524777
201.160393 5.327984 8.405985
211.256745 5.326779 17.898137
199.342574 5.309785 14.933739
164.141648 5.310976 18.505765
242.703635 5.128638 14.930619
222.403527 5.359046 10.728329
204.734921 5.343037 10.956938
157.781612 5.572236 13.589752
174.668084 5.317167 12.019089
75.937815 5.040936 13.185316
223.402143 5.413554 20.722706
221.847113 5.332641 14.982270
163.285841 5.583295 15.258534
179.570702 5.040210 18.050679
207.956146 5.351916 11.290444
222.899077 5.640375 18.020468
163.992651 5.024941 19.780486
242.171825 4.892144 17.473705
212.332942 5.322865 14.102490
190.586688 5.341286 17.789276
236.906357 5.394189 12.507629
179.787301 5.308772 10.653636
148.559845 5.297274 20.243721
204.471731 5.083155 18.394858
240.384496 5.383859 10.745598
183.384668 5.356300 19.457495
137.515066 5.212026 20.122973
234.986282 5.363192 11.153012
193.059364 5.331429 10.429833
179.743655 5.299960 9.786811
184.226417 4.872218 8.990313
193.973934 5.308691 19.294754
218.601852 5.366621 11.456862
191.227862 5.325410 10.789856
224.752841 5.409793 23.928456
217.985854 5.309295 5.669682
243.673809 5.381930 10.711834
180.808982 5.313366 11.389172
211.488298 4.911872 8.733822
188.314189 5.339895 18.639538
173.089183 5.290162 9.897546
241.035075 4.895457 17.486750
183.921604 4.792477 9.153903
183.765100 5.316799 11.957016
193.281782 5.331438 10.465006
171.594408 5.563922 14.090478
181.356958 5.315040 11.229362
197.476958 5.312314 18.921172
202.411918 5.386344 14.728594
219.108095 5.099236 14.657833
178.615427 4.848031 11.023705
204.972367 5.354670 11.953665
146.618446 5.244854 6.891146
213.332500 5.359239 11.190728
214.271758 5.375521 12.418805
231.873500 5.359660 10.630166
225.692923 5.346414 16.748668
145.191853 5.269413 15.004451
242.408681 5.133586 14.851702
218.271256 5.335856 8.350981
186.404698 5.321572 11.789250
134.068086 5.258896 14.734983
179.631772 5.040270 18.043898
183.718574 5.316722 11.955179
188.784886 4.864296 11.810874
176.642484 5.308349 11.873844
249.583224 5.403182 12.547268
176.771539 5.307553 12.091223
203.869784 5.307999 6.519737
187.036752 5.339359 17.745179
149.170733 5.562934 19.092493
3.672970 4.448690 16.508054
192.233010 5.333840 11.917771
148.070102 5.283802 14.999623
219.408770 5.367114 11.432884
2.915434 4.209208 22.544918
190.282913 5.332230 11.873331
242.233870 5.398429 17.890705
237.562732 5.395145 12.492650
175.215099 4.852591 8.963876
163.959034 5.025122 19.780092
92.989373 5.508609 20.824131
200.166842 5.339427 12.019425
222.147003 5.411834 23.524523
204.006205 5.307816 5.947944
174.634738 5.291439 9.587073
200.065767 5.339371 12.037912
116.210030 5.399279 18.492298
220.479591 5.323381 12.155873
186.070087 5.340315 17.915746
126.236987 5.507307 13.231995
212.653335 5.329029 18.185361
180.685378 5.310947 10.782160
203.351528 5.073783 14.870218
174.646546 5.291459 9.587470
209.690507 5.090630 18.216415
183.947547 5.319087 11.218629
177.213063 5.308122 11.769152
240.227386 5.378413 10.699904
242.409614 5.364492 8.334299
232.527308 5.336986 9.347157
241.771085 5.365690 8.377147
212.802725 4.807405 7.331965
178.553053 4.844629 11.019964
204.368036 5.345375 10.432662
172.000482 5.292416 10.394676
192.242341 5.346817 17.840249
180.604509 5.310948 10.757897
177.928670 5.297381 9.854644
207.404618 5.324659 21.488713
173.892334 5.296917 10.636116
214.250588 4.927178 8.727580
182.251458 5.313571 10.969048
229.816090 5.418596 24.659367
212.568981 4.808068 7.346900
175.025736 4.843859 8.921641
176.942542 5.308546 11.867647
234.827913 5.381544 10.636437
206.244845 5.317407 16.280732
211.122627 5.326228 17.984786
178.581606 4.845330 11.029323
163.945547 5.304051 16.329803
180.479768 5.041550 17.881365
214.785798 5.376522 12.441499
181.766071 5.044521 17.523211
229.763709 5.418540 24.659251
196.506536 5.337537 11.374113
232.291799 5.423391 20.662312
218.668392 5.093547 14.596364
178.153984 5.033910 17.802579
212.717292 5.372296 12.349897
146.304694 5.282204 15.091670
217.457683 5.402297 22.477148
211.508844 5.326464 18.058819
186.638214 5.319357 10.881477
201.771467 5.327479 9.170585
198.507564 5.340143 11.381487
218.344428 5.097822 14.646097
225.815525 5.372636 11.412048
205.341631 5.318995 16.909863
145.850912 5.289289 20.135091
196.971678 5.308055 16.436748
234.205814 4.944053 8.591423
179.791162 5.300176 11.117946
232.124054 5.422922 20.655327
217.071606 5.400817 22.392642
220.803984 5.368672 11.414604
181.907244 5.044671 17.553233
132.551459 5.222173 8.149643
207.779976 5.641398 14.065357
204.129334 5.345148 10.413867
236.524838 5.355679 8.242501
213.606419 5.327346 18.830083
223.711796 5.368012 10.954801
181.397387 5.274235 14.840240
216.821961 5.105319 14.708103
174.109037 5.291683 9.888505
230.837189 5.337915 9.568077
227.916864 5.389672 11.575545
236.111590 5.374723 10.764204
183.463987 5.356305 19.438750
174.414927 5.315875 11.087465
210.787112 5.340705 8.644856
233.714737 5.345225 9.254652
219.221744 5.407229 23.429044
186.360498 5.320901 10.602040
163.626741 5.304203 16.477432
177.565448 5.299344 10.903196
218.312145 5.364371 11.355141
177.657759 5.309467 11.773049
210.766475 5.357712 11.582466
237.262117 5.226130 6.861488
214.432113 5.331878 17.930379
168.859475 5.330807 19.116017
218.029934 5.402466 23.075946
171.100298 5.325404 18.205977
184.828156 5.303502 10.738482
181.512604 5.042413 17.599608
208.142088 5.079581 13.535260
242.230542 5.381717 10.801311
152.900721 5.233555 19.626044
166.578135 5.329233 19.496409
163.239002 5.297079 8.816312
233.866336 5.345267 9.184116
184.581630 4.785944 8.922100
217.093631 5.366421 11.652906
219.318512 5.367765 11.199388
115.557778 5.397102 18.528617
196.628704 5.372005 21.587048
172.892048 5.338182 19.633405
224.049311 5.371459 11.383533
225.035622 5.411919 24.056124
219.866622 5.367388 11.424813
177.109817 5.308716 11.797538
236.518122 5.355709 8.245689
194.096400 5.309391 19.409446
193.719925 5.329850 11.497166
224.670856 5.411409 24.009593
167.761427 5.301921 11.104979
240.650571 5.388941 11.530837
218.950389 5.365321 11.510534
186.502002 4.869067 8.727488
191.032384 5.327886 11.161559
167.668990 5.318216 18.485285
180.165381 5.301711 18.769076
208.209444 5.355489 11.778742
211.588413 5.324159 16.180332
227.386235 5.376454 11.352354
241.953729 5.134992 14.865274
236.439805 5.372884 10.724115
196.096949 5.337997 11.796402
192.134845 5.330134 11.196994
202.363227 5.344691 11.781875
177.451102 5.301343 9.778290
229.535427 5.341478 16.969687
19.916660 4.299343 21.707112
181.560933 5.042516 17.586835
184.060187 5.355244 19.064248
206.181944 5.352749 11.134678
176.931919 5.308635 11.865580
97.418194 5.184185 6.149833
209.901132 5.390403 20.533599
236.106009 5.393014 12.396336
196.688776 5.306825 16.037621
172.060472 5.287861 10.637860
239.507971 5.377335 10.800148
225.332864 5.354176 10.840612
192.197099 5.331926 10.257905
205.980782 5.352419 11.141673
207.132982 5.352546 10.970336
225.673435 5.413762 24.329768
212.742513 5.359216 11.586325
180.134003 5.350775 23.921334
163.568437 5.583863 15.344212
171.364494 5.287198 10.691996
206.328851 5.078151 14.362829
218.346617 5.365134 11.365545
237.670401 5.400730 12.578104
178.685022 5.038741 17.947737
216.721776 5.362949 11.373866
204.604377 5.349304 11.318194
214.202291 5.327228 14.500780
207.087502 5.350746 11.242274
204.395954 5.311973 16.394371
212.699894 5.372262 12.349129
209.880951 5.390359 20.529586
201.658100 5.338870 10.421535
234.429314 5.354166 8.392440
239.330573 5.344149 8.764148
162.821189 5.300950 19.037391
209.329201 5.352591 11.355876
241.742382 5.365668 8.378916
229.771572 5.341734 17.009046
246.685111 5.399688 12.413403
231.893245 5.422573 20.629785
235.927928 5.392780 12.393748
201.477352 5.344437 11.386900
188.427895 5.323837 12.214241
161.755154 5.274874 9.743078
174.529424 5.294285 9.493092
171.450604 5.287319 10.742160
201.127198 5.327265 8.406430
223.986946 5.380835 12.513560
223.967573 5.409393 23.606890
181.933472 4.852118 11.062915
171.159289 5.286750 10.734556
241.638618 5.365791 8.403039
170.271491 5.289507 10.004112
208.796524 5.396329 22.142352
198.520863 5.323013 8.421570
202.910690 5.344327 11.205023
212.322361 5.327417 18.046484
177.485104 5.301404 9.781456
220.311995 4.899785 8.684006
171.214149 5.286505 10.728575
240.076809 5.393354 11.724172
223.402884 5.368998 10.962220
212.638857 5.328306 18.429449
199.125046 5.342392 10.828500
205.687852 5.348653 11.292723
198.513177 5.322528 8.324799
157.100729 5.240761 18.041808
216.711306 5.632832 18.257469
186.279968 5.316335 11.757817
199.396007 5.343609 11.364089
223.649690 5.346568 9.116388
206.912867 5.393335 22.259264
127.874775 5.232062 19.179853
174.555412 5.297637 10.641726
226.322266 5.384565 12.580728
243.919109 5.407924 12.364990
237.299165 5.349019 16.953944
184.090481 5.313251 10.427677
223.884057 5.414521 20.806007
224.513895 5.370906 10.783256
240.972714 5.433998 19.323868
222.469158 5.369257 11.354073
240.927060 5.407012 12.501919
196.748101 5.372466 21.650013
180.504764 5.350519 23.693604
199.449449 5.341075 11.066668
214.422676 5.328673 17.137532
214.061095 5.327175 14.645928
164.058635 5.300153 12.265443
188.177385 5.313104 18.851664
186.500350 5.321082 10.596655
211.819461 5.325139 16.287161
239.437545 5.377285 10.801011
213.780467 5.327228 14.572112
193.728755 5.333846 11.533283
175.447925 5.298401 10.162775
199.227047 5.342072 10.832490
202.929546 5.312908 16.210707
217.539874 5.095576 14.858584
235.232173 5.346940 16.822201
200.345017 5.342916 11.644946
171.231872 5.286537 10.730633
196.253741 5.336907 11.726133
186.495976 4.869070 8.722870
215.012156 5.332477 18.006459
169.784556 5.305735 11.052240
225.004961 5.371021 10.916221
180.183969 5.301680 18.759815
214.637119 5.329211 17.143340
184.189707 5.306067 17.659337
242.639192 5.407320 12.622192
208.656042 5.350307 11.455707
203.107378 5.389075 24.749273
181.950341 4.853888 11.090876
212.980206 5.088503 15.188133
226.132083 5.372814 10.730008
215.430936 5.332838 18.089483
213.467396 5.352981 10.885598
196.582916 5.372576 21.700000
234.414198 5.354061 8.383523
208.351198 5.320368 16.257334
212.599437 5.371911 12.335976
169.539275 5.305635 11.024328
180.818050 5.304789 9.726867
236.613747 5.374707 10.847632
162.918117 5.296528 11.491268
175.045418 5.028754 17.520243
172.196688 5.287872 9.766803
203.169840 5.387708 24.801034
168.554950 5.284236 9.588199
212.490513 5.329709 20.450075
201.230451 5.346772 11.545707
226.059546 5.358057 11.103240
172.893207 5.290185 10.065446
200.867805 5.343598 11.011279
185.603645 5.322747 12.001390
180.422660 5.351304 23.994143
203.982607 5.383798 23.608026
185.677220 5.322713 11.968661
182.051607 4.860775 8.725404
163.300153 5.296732 11.511456
190.641634 5.340706 11.787146
169.436086 5.257384 17.155633
218.720565 5.408215 21.683537
201.557307 5.344697 11.620890
225.801664 5.357597 11.083274
218.467849 5.337032 17.368981
238.031863 5.375686 10.830863
163.328253 5.022058 19.837477
203.822030 5.350712 11.126067
225.798503 5.357589 11.083369
196.253769 5.336907 11.726133
217.814157 5.655116 15.399378
218.723340 5.408226 21.685504
238.223836 5.375888 10.836033
241.369060 5.404954 12.546581
207.828871 5.355165 11.230579
225.426353 5.336669 14.817923
146.583442 5.280947 15.010202
218.634086 5.337275 17.377439
210.088158 5.091253 18.208574
232.412411 5.362369 10.825152
200.829440 5.343628 11.635334
229.276058 5.384570 12.353066
221.807364 5.650942 14.969501
218.750063 5.337313 17.423400
204.019386 5.343029 10.509567
203.846943 5.388029 24.978839
226.147970 5.337266 14.712654
239.156387 5.357375 8.390090
211.615886 5.359147 18.800443
198.921956 5.307384 15.317468
200.834578 5.339455 11.080937
212.484892 5.091834 15.104026
239.285164 5.343830 8.774809
211.818269 5.359481 18.863105
196.958232 5.337942 11.826198
225.623084 5.337265 14.703528
209.831183 5.358572 10.717377
229.873856 5.385488 12.376557
183.425339 4.858745 8.930286
224.424784 5.375738 11.603825
204.873896 5.311210 16.651230
179.705008 5.302416 10.607414
224.186301 5.367583 10.414067
181.464920 5.042354 17.585556
173.814784 5.026811 17.644450
198.937602 5.307407 15.318633
101.426122 5.063170 15.318445
195.589398 5.335701 11.517548
174.220527 5.287710 9.869523
166.304170 5.248217 17.762103
204.930713 5.305390 14.126869
233.739247 5.426990 21.093130
214.314539 4.917496 8.665909
174.536588 4.842992 8.921138
246.307370 5.377585 10.649812
181.223797 5.310271 10.644232
166.620393 5.290611 10.195421
241.395446 5.405022 12.543614
207.904777 5.353023 17.651406
166.454108 5.290357 10.187244
167.594289 5.283410 9.178216
214.964038 5.099883 19.036688
239.227093 5.357473 8.380470
222.919746 5.413118 20.876744
171.236518 5.286545 10.731113
188.723749 4.864232 11.778015
221.266363 5.340899 17.199848
204.123360 5.315553 16.439758
235.056104 5.373071 10.877981
237.233554 5.226001 6.872930
240.404204 5.391663 11.603992
130.358714 5.188297 20.630049
185.316686 5.322220 11.973158
225.393745 5.372334 10.775105
237.954775 5.356017 9.123194
184.275205 5.315804 10.786257
210.232653 5.356119 11.254179
214.399194 5.363416 11.029707
223.730383 5.369754 10.768918
212.345073 5.327878 18.396432
183.720516 5.315529 10.822613
209.246955 5.313768 13.657748
214.899988 5.360962 10.876626
216.510928 5.399445 23.673203
229.732838 5.421167 21.228587
209.664691 5.090503 18.136652
207.715157 5.320210 16.041980
239.272080 5.342064 8.825924
198.437163 5.322459 8.323931
199.679601 5.342054 11.114241
187.703721 5.325854 11.502337
230.606828 5.350717 8.377216
183.431881 4.859157 8.934957
212.342028 5.327745 18.424711
200.351025 5.313215 16.990929
230.728568 5.350837 8.372211
212.493733 5.327982 18.375994
186.426775 5.322182 11.822340
196.243758 5.372120 21.597693
171.223014 5.286702 10.728219
221.928527 5.369226 10.751567
142.337864 5.211849 21.116689
171.396830 5.286879 10.742615
194.989091 5.374912 21.563065
225.562020 5.337194 14.675378
185.362908 5.321937 11.962825
219.471379 5.370084 11.635748
181.950527 4.853889 11.090861
243.320661 5.397011 11.321088
230.013496 5.422225 21.415261
181.427213 5.043867 17.768346
205.940940 5.077539 14.401981
218.949953 5.337459 17.512944
193.217404 5.298608 15.930046
167.216584 5.284798 9.958392
171.280228 5.286653 10.738221
195.270594 5.374792 21.495344
213.750280 5.362915 11.053679
237.455005 5.374512 10.878142
231.116448 5.350174 8.259762
243.127727 5.132574 14.955492
217.432726 5.367102 11.648555
188.665407 5.327316 11.529192
196.380581 5.378099 21.856787
226.445531 5.341221 14.672913
202.803423 5.084164 14.733215
163.304374 5.523435 7.679544
204.610013 5.316318 16.544969
213.446063 5.362450 11.063086
230.230714 5.423023 21.550872
237.346762 5.355564 9.133675
222.110473 5.373945 11.619168
196.955059 5.337952 11.830433
208.918454 5.093821 18.027545
201.702576 5.345728 11.328078
187.210634 5.322768 11.556939
213.811335 5.363014 11.046279
221.346553 5.336938 14.276789
230.690048 5.419938 20.872280
234.153573 5.345134 15.216537
221.025253 5.405869 23.176889
207.708386 5.320204 16.040963
219.797477 5.340913 17.714691
156.671923 5.263725 8.612112
216.768822 5.366558 11.377029
232.093265 5.352120 8.228757
168.462653 5.285367 10.197518
204.945511 5.305404 14.123828
216.383842 5.365581 11.821605
205.429250 5.316496 16.056155
222.114673 5.341952 14.646820
213.938229 5.401721 21.689531
176.295743 5.030493 17.767382
163.325733 5.296636 11.542018
218.014392 5.408968 24.243482
212.517861 5.089268 15.092542
220.872123 5.340085 17.347799
208.755368 5.642544 14.135145
233.552913 5.363180 11.145787
200.941180 5.343904 11.133946
212.407918 5.357353 11.160633
227.477999 5.374941 10.835101
232.058908 5.423643 21.196309
214.640062 5.329151 17.159088
174.563216 5.297630 10.643286
166.303886 5.248217 17.762084
166.110971 5.300136 11.511802
207.302800 5.340129 10.733826
216.718229 5.366727 11.358052
213.212475 5.361027 11.115334
236.131378 5.374337 10.771509
239.598691 5.355788 9.089516
206.713136 5.351820 11.003866
195.989832 5.336162 11.156181
198.818964 5.339832 11.280866
216.959854 5.367191 11.379586
183.030003 5.315631 12.000013
212.835910 5.351704 11.054258
185.466454 5.322106 11.949229
214.880655 5.403597 21.746177
163.305258 5.523413 7.680584
218.832617 5.369985 11.983047
202.865372 5.346377 11.616097
179.733673 5.302440 10.604161
168.752319 5.252658 17.578758
237.464291 5.374528 10.877137
202.992876 5.347609 11.799229
242.219747 5.379533 10.741182
180.913993 5.353985 24.583066
192.915891 5.297904 16.031839
241.949680 5.436223 19.450181
211.520110 5.347406 10.754996
197.029324 5.337910 11.184442
179.252869 5.301991 10.751477
212.748160 5.357115 11.018012
214.010288 5.362040 11.405227
235.657141 5.374074 10.785095
235.819148 5.376903 11.202120
218.300922 5.368822 11.927563
240.050460 5.342926 8.832725
138.732627 5.202531 22.409494
222.106672 5.341942 14.645993
183.702881 5.315487 10.822193
184.795570 4.785097 8.878496
219.667040 5.407073 20.868376
235.864456 5.374365 10.788185
180.870062 5.353896 24.573831
222.682991 5.333617 14.709252
222.889202 5.368769 10.882226
241.344660 5.433957 19.343018
213.854046 5.361800 11.400213
183.447090 4.858108 8.928332
195.044625 5.333242 10.760182
196.292616 5.335538 10.785568
219.686467 5.407099 20.866520
219.327045 5.370887 11.786809
182.214547 4.854498 11.049924
181.110127 5.312425 11.332416
184.232124 5.334465 18.217331
228.099710 5.345248 9.095948
196.719398 5.372562 21.441561
195.098158 5.332566 17.839177
243.907124 5.130797 14.941118
219.960924 5.362615 10.897272
185.410899 4.862664 8.827164
216.634511 5.360845 10.184986
197.954791 5.374241 21.465416
218.337805 5.368687 11.486170
232.388382 5.388802 12.458934
240.196343 5.126585 14.919261
249.390729 5.215500 5.138212
230.097475 5.385330 12.409453
214.890484 5.364004 11.130425
202.164060 5.347958 11.542017
201.143766 5.346559 11.536201
163.609352 5.297709 11.335013
230.107066 5.385366 12.412373
236.595266 5.374751 10.768161
222.941091 5.376494 12.321503
179.200398 5.302472 9.991500
198.548391 5.375560 21.681701
238.717395 5.350167 15.122360
217.722523 5.367327 11.190033
214.564250 5.329032 17.158699
240.187354 5.356198 9.107004
211.313826 5.353174 9.639398
232.849216 5.426007 21.299831
222.308646 5.332383 14.809196
222.578111 5.371704 11.422156
217.507644 5.406488 21.655413
236.725116 5.374391 10.695557
193.722839 5.299993 15.894872
83.965506 5.061330 13.067378
222.333501 5.375292 11.136588
157.778643 5.572230 13.588852
201.154353 5.346648 11.525995
185.082622 5.316894 11.552868
235.560534 5.385385 18.048649
224.366080 5.375653 11.605663
220.728157 5.368840 11.412385
204.055178 5.314608 16.703156
223.127037 5.354752 10.733258
240.656092 5.352886 16.996527
182.204971 4.863861 8.745441
241.105126 5.433733 19.398191
212.930428 5.399568 23.559242
210.757847 5.354050 11.039081
183.708338 5.315498 10.822883
234.561698 5.345981 16.869145
228.107524 5.345918 9.154514
201.111044 5.346562 11.522448
223.240584 5.370407 11.054348
185.209011 5.317171 11.509274
235.888418 5.379035 11.213369
183.817028 5.314803 11.578521
212.347127 5.397772 21.992011
186.124623 4.791572 9.350033
244.657817 5.397928 11.725452
222.236746 5.374314 12.008464
219.668265 5.367824 11.404791
162.802821 5.300913 19.037324
202.833916 5.085388 14.764003
236.476075 5.374881 10.795566
180.004614 5.304088 10.048113
198.689555 5.379997 21.548886
236.551158 5.374719 10.771117
235.623853 5.378660 11.208732
212.803045 5.353888 10.467712
173.544694 5.295070 10.431306
152.352957 5.253123 6.232335
201.895350 5.347761 11.538982
185.525402 5.319815 11.755465
185.168490 5.318920 11.836728
207.925601 5.349573 10.804866
200.683393 5.343212 11.465186
179.701371 5.305991 10.665852
216.756742 5.332225 18.577659
217.537927 5.337785 16.958785
240.790281 5.125158 14.886462
224.099828 5.369829 11.503398
222.049510 5.370922 11.422227
240.341320 5.124718 14.885019
184.132889 5.314953 12.259568
180.522382 5.310843 10.194968
214.272944 5.328658 17.088870
209.319699 5.091204 18.097934
247.753389 5.362637 9.077248
226.463095 5.345764 18.734240
166.070776 5.278170 7.711901
229.408199 5.367613 10.693082
201.162387 5.343833 11.463663
187.123151 5.320197 11.099282
222.650914 5.333182 14.475438
175.029768 5.317962 12.110350
234.353358 5.371766 10.730142
186.607834 5.321957 11.559115
162.722269 5.300723 19.020960
214.203471 4.917574 8.580151
234.927524 5.379317 17.963396
212.569039 4.808095 7.347634
187.680560 4.864553 10.716999
220.080890 5.368196 11.402351
240.760006 5.121976 14.930377
215.799242 5.360403 10.151761
218.643266 5.364721 11.043403
133.824042 5.529612 22.731315
221.938840 5.370656 11.436950
244.672354 5.397947 11.725585
186.266935 5.316343 11.762357
224.811533 5.374686 11.485329
187.330578 5.321196 10.635412
238.858539 5.128295 14.816403
201.897372 5.312307 16.782559
222.119658 5.342463 17.926899
193.685926 5.299979 15.928637
222.049708 5.371014 11.404874
241.390083 5.434000 19.332555
188.268571 4.863279 11.835142
187.678977 4.864556 10.713988
200.829550 5.346113 11.538786
219.413018 5.367460 11.435159
236.208214 5.240411 6.419147
189.127305 5.056779 17.736611
167.118922 4.615511 5.788892
242.398387 5.435275 19.280220
213.288587 5.362512 12.150049
210.921276 5.358325 12.055092
144.264639 5.259338 8.230013
194.211695 5.302482 16.385247
230.391645 5.363945 10.379361
175.467810 5.289954 9.968844
169.660331 5.283167 10.748597
198.932591 5.307400 15.318765
226.869145 5.364990 10.867592
163.737614 5.022025 19.772983
228.830574 5.339735 17.416127
176.397240 5.032995 17.737652
200.995627 5.311055 16.716833
228.639506 5.340038 17.309615
238.359438 5.373113 10.117243
213.720690 5.359439 11.767582
163.916718 5.023307 19.745722
242.184677 5.398359 17.885427
199.893512 5.342905 11.301778
187.520228 4.862831 10.712494
218.552942 5.366301 11.445038
226.678525 5.373534 10.465674
235.935995 5.375901 10.889187
186.601311 5.321232 10.441961
223.313731 5.370363 11.428540
237.565751 5.377578 10.865309
218.430965 5.366770 12.043530
215.483354 5.362165 11.480295
223.202375 5.370107 11.440528
185.972144 5.318321 10.683835
186.941612 5.321539 10.467550
188.867119 4.864942 10.806489
223.479515 5.368003 11.518589
223.565023 5.370007 10.694038
227.549937 5.375281 10.718681
209.123288 5.352351 11.100083
229.073875 5.375728 11.521003
216.150947 5.364515 11.782999
211.681588 5.370769 12.455535
209.094497 5.352467 11.069212
191.752508 5.331015 10.573319
204.671996 5.346136 10.954627
209.024827 5.352220 11.484573
214.535243 4.917920 8.640927
242.276011 5.357702 9.707109
181.678558 5.314058 11.466490
221.878821 5.333628 17.233452
127.856923 5.232040 19.179809
167.813396 5.309570 18.838089
212.890191 5.329332 19.144357
159.900725 5.015500 19.755921
176.527598 5.033251 17.709852
177.331390 5.298604 8.643004
203.378735 5.079071 14.895877
198.629435 5.382589 22.230275
202.979135 5.343239 11.437552
177.274621 5.035028 18.416045
165.820526 5.299489 11.199374
209.173320 5.353462 11.075908
205.690376 5.349430 11.413134
245.066893 5.387097 10.891744
204.263773 5.346869 11.365999
244.573123 5.383106 10.870353
184.884837 5.316682 10.995182
203.283236 5.345652 11.371037
216.437438 5.399546 22.891289
228.414643 5.370421 10.795808
237.687423 5.374843 10.500547
225.438014 5.376286 11.601234
215.418516 5.364524 11.457598
208.461024 5.352834 11.115423
127.832197 5.231812 19.176903
230.034986 5.379660 11.087287
211.194041 5.357956 11.534742
179.552194 5.040436 18.923978
238.493193 5.348611 8.386231
224.838181 5.376356 11.655133
223.343400 5.367680 11.550795
159.816769 5.014496 19.763168
213.790973 5.330475 17.891539
235.746954 5.386861 11.701735
209.949941 5.354661 11.383057
224.677730 5.375425 11.643934
183.471118 5.316808 10.678115
220.615513 5.408954 21.048685
184.556999 5.047926 18.397545
223.041159 5.349621 10.408764
218.849935 5.365418 10.989639
224.410217 5.370043 10.494384
227.204087 5.346645 14.951114
215.947106 4.926925 8.725849
184.756772 5.316360 11.013153
207.471872 5.351318 11.257947
208.070610 5.351019 11.363670
188.374990 5.324880 10.842332
212.879414 5.357279 10.874121
207.398585 5.351209 11.258154
236.179197 5.372938 10.454129
204.351278 5.346983 11.351804
217.263491 5.363579 11.381864
201.873293 5.347727 11.538978
226.377112 5.341841 18.192996
189.600397 5.284536 13.885513
198.454502 5.382516 22.245222
179.853365 5.038635 17.689828
202.366617 5.338334 12.470930
237.849049 5.380914 11.198551
215.519826 4.929571 8.849198
212.559501 5.361017 10.714608
212.991810 5.359074 11.475985
183.436165 5.315158 10.839600
244.599727 5.397848 11.723528
218.239325 5.364593 11.048130
181.646349 5.274906 14.815060
213.989501 5.099217 18.290741
218.043735 5.364331 11.057394
187.296498 5.321165 10.514612
206.869526 5.349457 11.044017
223.031722 5.349643 10.386744
188.255130 4.863079 11.833900
177.501046 5.304841 11.018112
207.376467 5.386656 23.586354
217.850073 5.363975 11.398163
212.281156 5.357945 11.196796
165.881869 5.299662 11.187459
187.909274 5.320111 11.027538
177.488293 5.034004 17.672055
207.728853 5.350337 11.445079
203.613445 5.082684 14.960086
217.296402 5.363259 11.048689
157.749258 5.011871 20.076914
202.384659 5.338351 12.471793
170.777245 5.285573 10.733779
183.412912 5.307679 12.970808
207.955405 5.350629 11.446790
211.949896 5.356569 11.358823
229.705059 5.345254 8.397243
208.061011 5.350773 11.048065
205.851547 5.317124 16.033678
188.378187 5.323383 10.596241
173.102142 5.307415 11.702283
201.851697 5.347431 11.566736
223.609875 5.373764 11.663583
219.295885 5.365464 10.917145
218.396117 5.364343 10.935124
243.356164 5.437410 19.455301
173.635968 5.307646 11.271667
212.548726 5.357875 10.951196
194.422539 5.322786 10.705092
213.968813 5.099273 18.289734
214.763057 5.358048 10.853347
176.167198 5.303010 11.019788
212.340233 5.399456 22.461464
200.859509 5.343816 11.572522
186.734002 5.319392 11.020595
186.919579 5.319954 11.074258
211.204457 5.369694 12.510859
221.941358 5.373371 11.517209
214.124453 5.359688 11.084048
237.125753 5.375898 10.797644
213.065832 5.358771 11.495759
207.831726 5.387309 22.705998
191.691577 5.316105 9.115391
219.580755 5.366368 11.399009
179.806668 5.311708 10.425670
194.438376 5.335043 11.563030
187.703510 5.321206 11.090353
135.556460 5.193769 18.014422
231.118492 5.422802 20.989452
211.553421 5.095110 18.190038
216.008691 5.365714 11.394325
242.485050 5.344441 8.654847
186.116231 5.320813 11.808544
194.841687 5.334783 11.739726
188.389855 5.323376 10.581726
185.405145 4.860137 8.816497
181.075364 5.041027 17.699011
188.783662 5.323982 10.591884
231.112312 5.422699 20.985926
211.928870 5.360979 12.031448
199.886616 5.307980 16.964646
186.754507 5.324685 12.138306
164.604580 5.303534 17.500947
212.949744 5.402354 22.986068
216.010826 5.359807 10.827044
220.672472 5.339226 17.500592
213.680223 5.326111 16.165036
214.842548 5.359080 10.788737
208.975886 5.090679 18.303663
119.932624 5.155678 20.003793
188.234889 5.326831 11.549380
211.735324 5.343255 10.735059
213.157722 5.358696 11.478647
159.249108 5.268875 10.267338
237.790699 5.378552 11.034493
214.224710 5.360432 11.221961
178.408942 5.033490 18.922777
236.203147 5.423261 18.438942
203.684586 5.077063 14.952718
214.047281 5.355810 10.408236
219.505031 5.366341 11.395954
211.211420 5.343370 10.081106
187.472983 5.342431 18.451139
214.297425 5.328565 17.048101
113.556477 5.184491 8.928591
120.306495 5.215091 8.193916
230.137786 5.385397 12.424205
189.085427 5.322787 10.913959
193.519699 5.299868 15.908231
205.352074 5.345800 11.089089
190.032616 5.324363 10.867744
239.499986 5.125508 14.787452
189.765704 5.323724 10.857940
163.574973 5.297368 8.813527
209.500331 5.089770 18.358187
186.299310 5.318762 10.758209
244.081711 5.382834 10.889633
179.006181 5.310261 11.466913
187.698367 5.321204 11.081634
209.880722 5.354629 10.995149
221.168420 4.922078 9.584463
217.963874 5.364294 11.422030
209.617032 5.353417 11.350205
220.802506 5.367421 11.613143
177.972766 5.299676 10.572884
229.897752 5.385154 12.331757
236.449377 5.373272 10.473072
212.588121 4.804570 7.321760
197.631459 5.297983 13.171174
214.015123 5.360392 11.196441
203.609237 5.346765 11.488200
214.695309 5.360267 11.365342
212.558510 5.361014 10.715087
210.758817 5.354920 11.379558
174.605327 5.291485 10.819960
186.820922 5.324463 12.060601
212.654794 5.357658 11.416375
186.438293 5.318958 10.761653
222.563863 5.369362 11.731728
218.305577 5.360793 11.540307
222.562857 5.369358 11.731233
193.610402 5.299830 15.962181
234.581227 5.346000 16.869747
212.488662 5.357737 11.494995
244.609234 5.383257 10.880500
185.012537 5.316642 10.798092
235.764380 5.392068 12.703467
175.710218 5.290568 6.275374
244.781789 5.398057 11.725609
167.663005 5.309498 18.905622
204.062585 5.079421 14.877226
204.993806 5.348777 11.480488
188.902935 4.865246 11.511858
179.829453 5.311590 10.419532
185.266875 5.338201 18.069157
192.201409 5.316983 9.156898
212.986196 5.396691 21.610565
186.987932 5.323014 11.506941
185.032048 5.338223 18.206864
226.282513 5.381010 12.437910
226.371828 5.341825 18.193024
233.539775 5.363160 11.147358
224.614210 5.362435 10.773658
213.686473 5.326126 16.174603
201.422969 5.343231 11.788026
217.112682 5.337563 14.901394
226.080146 5.380885 12.437474
212.304818 5.094907 19.114443
228.430149 5.370464 10.788543
213.498834 5.397336 21.590836
186.210821 5.318128 10.797828
235.961265 4.729164 6.259049
204.013889 5.347382 11.604715
194.702957 5.323780 9.917376
204.253723 5.079761 14.876835
187.841487 5.320672 10.921954
208.604201 5.089004 18.983866
81.930704 5.050648 19.071342
205.066221 5.348893 11.572484
212.519490 5.360959 10.696999
213.888698 5.360179 11.194875
213.568219 5.355962 10.435336
207.483223 5.386822 22.726780
200.436786 5.309514 15.474189
231.899385 5.354574 16.830729
213.956856 5.358039 10.493748
211.077920 5.093142 18.948606
245.829161 5.400034 11.638743
163.410010 5.302736 24.383946
213.007718 5.357746 11.379217
215.635657 5.332515 18.246100
213.279059 5.358293 11.394013
202.618978 5.344811 11.817379
209.447058 5.352993 11.396695
240.629182 5.397506 11.183347
209.902326 5.353709 11.417990
201.636316 5.343513 11.793262
204.954657 5.348758 11.572485
228.792686 5.379606 10.559956
193.032240 5.297508 15.594130
219.189066 5.335564 15.357472
197.040733 5.340375 11.533822
193.359064 5.332884 11.959942
198.030649 5.335758 11.065751
110.438424 5.135687 11.917643
224.060295 5.667919 18.960282
213.465264 5.397891 21.652975
204.204590 5.347701 11.770921
187.351323 5.322367 11.001388
203.332489 5.347191 11.518434
157.078794 5.296455 12.840915
231.094319 5.422626 20.976407
208.729765 5.356019 11.548569
203.964950 5.347361 11.772484
212.177381 5.357663 11.582435
212.397225 5.361015 11.007354
222.883561 5.355407 10.492846
185.380085 4.860096 8.815073
244.855185 5.398633 11.641333
186.622417 5.318991 10.725136
215.628379 5.332511 18.244509
224.361699 5.339530 16.179550
232.657350 5.372426 10.687218
221.480258 5.336142 15.914267
182.803658 4.855035 11.587712
208.946919 5.089900 19.113220
212.342263 5.361192 10.973497
205.604543 5.349562 11.758930
246.876107 5.384541 10.794294
214.339903 5.328689 17.111795
215.218711 5.362516 11.786825
214.252965 5.357209 10.802698
247.951741 5.363210 9.711092
220.696178 5.339230 17.506146
206.285525 5.350684 11.654351
106.674844 5.169764 8.289120
208.952484 5.353032 11.452624
213.462945 5.397867 21.651264
243.459071 5.358850 9.707939
187.618888 5.320318 10.724400
245.641621 5.399548 11.648529
230.210836 5.383722 12.420041
212.803626 5.356231 10.900074
200.844646 5.343788 11.572026
197.143404 5.340517 11.532457
209.830947 5.353725 11.344910
212.756622 5.089634 15.088503
204.223312 5.343424 10.194294
209.547923 5.352844 11.471689
212.920854 5.356257 10.895149
193.935819 5.300501 16.247407
187.761054 5.323005 11.009219
224.714283 5.372316 11.344681
170.455402 4.730242 7.334340
200.277811 5.342917 11.574601
234.635127 5.373198 11.018520
200.257988 5.074297 18.749961
221.080680 5.363427 10.302895
228.962460 5.377402 11.055178
202.802048 5.313448 16.053633
206.792603 5.394165 23.184355
187.598010 5.322746 11.001855
209.880533 5.355574 11.022883
161.055169 5.016214 19.963810
219.970345 5.339587 17.710780
194.223696 5.367676 23.531903
188.554909 5.324218 11.027971
175.871219 5.294379 10.819278
214.152280 5.362153 11.665945
81.906228 5.050577 19.071492
228.953877 5.377291 11.050879
211.208707 5.355261 11.480646
199.860447 5.342851 11.301832
156.288319 5.285350 11.961884
203.225701 5.310247 15.028173
215.506587 5.364189 11.648162
225.660826 5.376821 11.056985
214.323978 5.363418 11.730220
230.015430 5.385738 12.328629
229.859152 5.374364 10.119047
207.680723 5.353470 11.551745
176.922929 4.841637 12.079960
153.196042 5.279944 11.644981
202.386702 5.307752 15.032661
221.468853 5.336127 15.914332
210.404665 5.355092 10.849715
215.149840 5.364663 11.754660
200.546657 5.344088 11.331726
218.159388 5.361298 10.623190
206.886216 5.353067 11.567757
218.737082 5.365182 11.054066
212.024833 5.357407 11.578645
145.575908 5.279113 14.829979
207.747740 5.354390 11.566864
234.926274 5.119740 14.881908
205.381107 5.391190 23.223385
196.984197 5.340130 11.557809
193.799919 5.064729 18.949924
177.325941 5.298932 8.627975
222.236826 5.342608 17.913766
239.157151 5.341396 9.184164
182.754115 4.853217 12.240659
193.313587 5.331693 10.882607
181.031297 5.311478 10.746231
242.546213 5.436803 19.448880
220.327052 5.408194 20.951629
234.491056 5.373107 11.020973
207.988052 5.348092 10.826576
227.006048 5.342368 18.013824
227.697364 5.375852 10.609934
223.874171 5.372777 11.495607
162.322076 5.291378 11.627557
230.175628 5.386340 12.417976
198.784933 5.341846 11.136830
212.634673 5.348862 8.635596
218.241087 5.364459 11.062169
216.546832 5.361738 10.916935
220.274523 5.367232 11.508453
202.602303 5.344805 11.813471
195.406865 5.301499 16.441699
185.388694 5.339965 18.159123
229.233859 5.384971 12.395726
222.861157 5.369780 11.418544
182.704489 5.335351 18.272166
169.435733 5.291746 11.382182
174.716122 5.634476 12.370149
226.200201 5.414702 22.211958
186.829614 5.319463 11.051768
212.007276 5.356391 11.340644
195.750856 5.335556 11.782790
202.454203 5.346310 11.594069
199.528155 5.339891 11.808382
207.147113 5.319596 16.927651
178.520089 5.331050 18.641416
200.952608 5.342189 11.777954
243.636479 5.436326 22.714223
229.744243 5.341172 16.971964
215.989735 5.358912 10.878455
202.311608 5.344790 11.610587
193.154258 5.062853 19.103563
202.227641 5.340393 10.190748
216.652791 5.363041 11.198206
216.339166 5.359388 10.795214
226.874683 5.363228 10.676696
181.670475 5.314052 11.468069
155.168606 5.259191 9.738511
204.940181 5.305407 14.123252
193.688279 5.064404 18.976490
195.403076 5.301493 16.441898
209.728686 5.309863 12.661742
184.836824 5.303467 10.740957
202.302313 5.342282 11.683187
189.875140 5.326229 11.128001
208.208349 5.305687 9.906777
181.636533 4.851073 12.502855
235.722482 5.427577 20.602342
211.494793 5.356155 11.363531
209.472028 5.353712 11.486221
164.292866 5.323470 23.910117
205.297170 5.081880 14.881064
190.188712 5.328029 11.500383
169.481845 5.291823 11.381217
201.008891 5.344765 11.696160
226.751013 5.342847 17.879185
227.458295 5.347330 15.912236
220.640094 5.364434 10.922635
205.788988 5.349882 11.662311
186.214306 5.291268 15.690964
204.908420 5.346246 11.434008
210.415056 5.355077 11.520363
202.938583 5.077720 15.087371
235.875789 4.735018 6.374635
213.727730 5.363352 11.421931
185.785346 4.870668 8.872197
244.096581 5.357672 9.168388
209.936399 5.361820 13.555906
181.040740 5.311695 10.991813
220.563092 5.364550 10.924519
207.462267 5.320742 16.974484
247.118767 5.402816 12.255113
208.772321 5.356608 12.087947
214.435028 5.363621 11.758968
190.062401 5.327879 11.511510
202.802412 5.313446 16.054652
184.305649 5.305909 17.865726
187.215452 5.323077 10.884199
190.556368 5.328605 11.515503
187.529107 5.324090 11.400609
181.161685 5.311870 10.984128
224.004809 5.370616 11.372339
204.076159 5.314641 16.701840
227.199415 5.376217 11.398516
212.813678 5.361930 11.968848
212.369813 5.353608 9.937216
164.005970 5.323526 24.035969
198.847866 5.307441 16.388762
222.734688 5.368432 10.451706
228.636352 5.378100 11.412102
220.479605 5.338305 17.947701
211.270500 5.356903 11.740934
244.430877 5.357991 9.155540
202.543357 5.383016 22.285479
193.741516 5.065127 18.973676
191.483408 5.306502 10.913663
215.108091 4.701786 6.216173
185.588614 5.336983 18.133623
228.072521 5.378629 11.994651
208.799441 5.356698 12.084674
223.123823 5.374536 11.832147
212.828510 5.357897 11.488142
214.095897 5.363086 11.752250
238.063642 5.390265 12.062424
166.486839 5.290422 10.181180
214.199399 5.359521 11.487028
226.113540 5.414137 22.209772
191.571499 5.317304 10.832045
240.444112 5.386569 9.781865
242.295100 5.401125 12.440291
208.189150 5.348534 11.791441
212.631926 5.353945 11.952384
220.115409 5.364607 10.987004
234.457749 5.373053 11.032754
187.846408 5.323306 11.495299
213.726257 5.329520 14.595337
175.706674 5.290560 6.274779
191.189812 5.328472 11.500216
173.495407 5.291456 12.123992
229.268428 5.385036 12.400765
222.739868 5.367179 11.024108
164.371757 5.323841 23.960459
212.619074 5.371955 12.337078
111.079513 5.136829 11.950502
238.214087 5.376537 9.923173
243.755666 5.436313 22.687562
205.081606 5.350732 10.931573
219.173147 5.365555 11.412404
221.529146 5.364957 10.855532
153.344341 5.257541 9.756599
229.754331 5.345243 8.392172
184.337294 5.305920 17.892346
230.580388 5.113055 15.015884
149.198036 5.265701 8.525423
237.055782 5.379066 9.879837
181.097229 5.312433 11.325538
179.048483 5.303537 11.719843
203.227805 5.078248 15.096334
233.077463 5.370844 11.000123
222.344699 5.342694 17.936811
234.271230 5.369366 10.293103
243.281834 5.398055 12.504734
226.740531 5.369079 11.021315
168.311033 5.283798 11.777189
218.706202 5.364826 11.433273
215.191969 5.357633 10.648220
241.980125 5.396263 12.468529
210.857972 5.324065 8.396653
219.335794 5.368268 11.836909
210.841658 5.323599 8.352167
192.315031 5.330939 11.528641
223.938202 5.367922 10.803606
210.741031 5.323717 8.376686
214.696978 5.360285 11.488859
221.794260 5.365150 10.836355
199.322161 5.311292 16.910764
168.391983 5.284209 11.789266
207.349849 5.352976 11.536566
237.882799 5.395309 12.351920
238.011918 5.375250 9.840010
163.679071 5.297342 8.830507
183.572147 5.316415 11.571339
210.074541 5.353344 11.361610
199.062871 5.307770 16.427653
225.360210 5.357339 11.626895
167.877991 5.309710 18.862495
200.008854 5.339024 11.281089
226.650052 5.415601 22.418440
190.786167 5.328777 11.533745
241.516331 5.395436 12.424485
223.877529 5.338590 8.387385
190.624736 5.316515 10.650499
187.453791 5.320006 11.520221
220.569496 5.367753 11.556898
229.192988 5.118524 14.898282
170.346133 5.285708 11.159221
183.984257 5.046723 17.720870
212.303164 5.357225 11.498836
199.563788 5.340833 11.355686
212.695031 5.358430 11.575757
186.963592 5.317187 11.011759
206.087117 5.341588 11.225070
194.950761 5.333772 11.384305
197.881297 5.338201 10.990195
202.063510 5.340150 10.178373
141.546493 5.542820 13.889228
242.046879 5.397445 12.472496
229.377274 5.385285 12.393687
221.428515 5.339551 17.902039
193.408089 5.331667 11.208515
208.192809 5.355403 11.544310
236.561953 5.429391 20.737320
243.858652 5.436550 22.718290
186.618360 5.324574 12.034655
204.477073 5.390996 23.872908
176.103482 5.294791 10.822940
229.259442 5.365477 10.638800
213.422661 5.328331 17.107997
163.402685 5.302724 24.392998
237.144226 5.394206 12.339739
208.372914 5.352268 11.425720
236.672799 5.429668 20.771847
206.184112 5.348575 11.068506
204.839124 5.391843 23.974493
206.569559 5.349979 11.406325
211.276531 5.353131 9.629697
167.450974 5.285848 10.439191
235.804899 4.735214 6.381318
236.789100 5.429779 20.803350
193.383984 5.331621 11.207087
201.542918 5.381588 22.649876
206.049328 5.352344 11.574701
225.808427 5.413562 22.418354
170.334338 5.285677 11.177020
209.068398 5.356359 10.801613
208.071796 5.352051 11.465675
223.600056 5.370635 11.383162
183.575752 5.316416 11.572089
169.845146 5.284806 11.123690
221.029563 5.356525 10.812317
163.500578 5.297251 8.792294
243.795013 5.436272 22.704146
174.240241 5.027680 17.597325
185.605624 5.320329 10.841165
103.646899 5.159696 8.310267
207.391711 5.350198 11.080240
211.802894 5.356372 11.494416
189.448444 5.327164 10.462172
229.201697 5.118533 14.898142
240.302854 5.395130 12.434491
188.821219 5.325953 10.458125
191.180914 5.331420 11.520998
177.300227 5.298896 8.624962
196.124803 5.335563 11.620909
227.357590 5.347267 15.847735
196.410430 5.068933 15.167464
212.810846 5.358609 11.416732
225.777559 5.413507 22.419331
236.519061 5.428068 20.586531
181.243946 5.312176 11.016145
177.303122 5.298939 8.610239
169.439046 5.291753 11.381118
205.474259 5.386813 22.417955
168.470627 5.283917 11.590600
188.232317 5.323643 10.854106
208.016462 5.351646 11.513864
169.402604 5.285658 11.592266
195.844796 5.335184 11.623429
229.695218 5.386047 12.376032
225.257851 5.360263 10.727933
184.998619 5.303721 10.742039
207.885232 5.351655 11.405219
206.591978 5.342275 9.875747
201.653981 5.339942 10.156783
205.541990 5.080815 15.165655
213.729306 5.329524 14.594179
184.922063 5.318534 11.567923
231.794740 5.376918 10.064813
244.163294 5.410330 12.405201
227.369070 5.374254 10.974797
207.983478 5.351774 11.407456
188.547157 5.323134 10.750294
184.997113 5.303730 10.742667
231.899946 5.369150 10.998533
107.821708 5.128652 11.950926
220.368827 5.367900 10.449839
244.145388 5.356268 9.153957
205.589750 5.080845 15.130388
181.772863 5.313367 11.151903
164.542646 5.324208 24.012484
226.158139 5.359041 10.627940
170.496245 4.729248 7.320015
215.585345 5.365102 11.447875
207.678230 5.344159 9.895557
226.782843 5.347149 18.397919
221.799384 5.369777 11.383396
225.548545 5.346395 16.995752
220.105994 5.367097 11.421193
231.585735 5.368993 11.006133
220.435839 5.353042 10.673237
229.410990 5.344854 8.391892
232.260066 5.353263 15.393350
192.827374 5.060922 14.682208
167.611392 5.280543 11.113810
181.230950 5.312133 11.015657
176.228959 4.848524 9.272890
184.599845 5.317976 11.519712
239.290841 5.393889 12.396594
184.597856 5.317975 11.519437
228.943499 5.358870 9.845354
178.335564 5.307434 11.485170
195.433931 5.301537 16.440491
173.474473 5.290963 10.724138
224.120245 5.371410 11.375427
241.782507 5.381642 10.754746
170.653299 5.286279 10.588541
189.147425 5.326536 10.426016
107.247821 5.124905 11.976037
194.622277 5.332030 10.988555
231.957461 5.377365 9.982481
222.825266 5.411260 20.895299
223.772111 5.665724 18.912502
239.585332 5.396376 12.353885
210.831237 5.401689 23.990086
169.103315 5.284962 11.502969
242.313217 5.387881 10.654807
236.791602 5.430097 20.675737
243.056012 5.406955 12.392789
179.057159 5.307086 10.657157
175.135109 4.856889 9.174826
175.346289 4.858622 9.182443
229.101410 5.110836 14.881903
176.939996 5.298334 8.643568
84.406147 5.062861 13.026490
249.655137 5.355750 8.788554
207.446180 5.320645 16.956297
235.303234 5.374006 10.821773
237.280535 5.389351 12.328049
209.208639 5.357040 10.722756
224.040156 4.852316 9.400143
247.055296 5.403192 12.379138
227.170360 5.380216 12.498090
215.696211 5.097285 14.724777
196.704070 5.336250 10.854302
240.445461 5.386570 9.782495
205.582438 5.309616 13.891570
153.173096 5.265051 11.650391
224.760418 5.112064 14.645008
212.084202 5.357165 11.527012
236.052967 5.374775 10.804440
233.643285 5.377979 11.180354
226.877216 5.347460 16.778289
202.844984 5.313566 16.043481
219.004618 5.368222 11.797088
167.974245 5.309821 18.771620
222.491785 5.367172 10.913208
223.012729 5.347685 18.538146
188.914474 5.326098 10.413273
241.940616 5.395771 12.437164
106.846229 5.125434 11.927947
137.044622 5.197262 23.134728
215.252767 5.361174 11.563034
211.147248 5.355256 11.496981
174.400246 5.298341 10.418091
211.867781 5.321654 13.274619
206.962358 5.350094 11.436095
227.244795 5.360447 11.170633
167.734833 5.280749 11.109614
243.662497 5.389371 10.631950
214.366415 5.328689 17.117804
153.314970 5.257482 9.754472
247.046532 5.403187 12.446647
167.466462 5.309688 19.002769
167.496300 5.285926 10.441763
122.562667 5.231420 5.001345
223.470794 5.368657 10.895023
210.464082 5.400816 23.856284
193.558594 5.061961 14.722418
206.643831 5.349987 11.448024
215.655839 5.365197 11.465140
198.401848 5.307264 16.386502
198.479572 5.307442 15.614116
247.045867 5.403187 12.451763
226.842349 5.346935 18.488117
204.344215 5.320049 17.387894
247.696181 5.353384 8.841406
208.701915 5.395655 23.150178
161.632520 5.280812 10.088715
213.115192 5.358741 11.475365
226.018517 5.412996 22.264471
236.284732 4.778372 6.554362
246.928198 5.403006 12.450668
228.391181 5.373915 10.701747
187.790009 4.862876 11.059189
230.927963 5.381190 10.907815
174.119740 5.027451 17.497802
214.373912 5.328901 17.084939
218.039894 5.365641 11.402131
194.451503 5.333643 10.790442
208.231488 5.355414 11.582583
243.665418 5.436148 22.700851
219.007885 5.368227 11.797083
240.457572 5.386581 9.785693
220.070990 5.368489 11.406394
184.583036 5.318186 10.386481
236.591849 5.429693 20.655010
226.911373 5.373261 10.885198
210.401641 5.355298 11.421100
230.085354 5.360285 9.831161
197.232242 5.307088 16.270283
233.509988 5.377821 11.176089
214.125721 5.360497 11.607929
81.595385 5.056439 13.057978
209.462422 5.353671 11.487252
211.197067 5.308022 10.033590
212.267292 5.357101 11.383415
215.396694 5.361362 11.548826
213.073685 5.358406 11.409852
225.337504 5.352834 11.119006
243.715827 5.436252 22.710426
191.086635 5.331266 11.510521
214.341600 5.328846 17.081020
214.697658 5.361096 11.481198
236.287162 5.240411 6.415059
169.039699 5.284987 11.543229
207.136372 5.353688 10.800103
208.933383 5.352147 11.428844
206.870081 5.353339 10.770708
176.490297 5.299118 10.937818
212.675453 5.357227 11.498974
215.771362 5.327661 14.142751
211.091435 5.352888 9.640460
244.859399 5.399317 12.687725
164.475213 5.298533 8.847006
220.414424 5.405969 22.207690
164.790120 5.324397 23.943800
200.141518 5.345171 11.973301
227.385863 5.376105 10.945041
236.112159 5.340925 9.366417
191.097778 5.331278 11.509480
188.809720 5.324181 10.832086
226.741587 5.369082 11.021373
224.173583 5.315696 9.455526
221.076872 5.370963 11.066399
227.284467 5.382672 12.613941
220.362312 5.354684 10.674608
242.224714 5.404033 11.264235
243.212026 5.388973 10.646738
178.337872 5.033354 18.926134
208.796743 5.352782 11.645529
229.786253 5.380050 12.112058
101.717923 5.153406 7.902882
199.036563 5.305766 15.583377
195.429863 5.301532 16.440013
199.287862 5.306170 15.574848
244.969181 5.399122 11.139930
164.464854 5.298532 8.845665
169.381871 5.283778 11.130920
243.343002 5.395545 12.445069
202.566850 5.310734 15.953411
189.229440 5.320755 9.802054
181.053481 5.305119 10.825469
180.659558 5.309791 10.666395
219.630056 5.363721 10.953124
2.059468 4.137029 21.742463
220.037211 5.366103 10.794160
107.651905 5.127272 11.915728
233.282013 5.377501 11.177435
242.363869 5.434889 22.653850
232.494342 5.390131 15.740806
209.261101 5.348441 10.780441
225.847331 5.371363 10.406141
218.039397 5.365640 11.401928
236.331421 4.777708 6.541978
198.316189 5.307420 15.655006
218.786556 5.311700 9.324533
217.426179 5.350673 10.751043
194.642017 5.333069 11.380853
175.911659 5.302614 10.998371
197.820180 5.338813 11.381701
191.595349 5.290905 14.566411
221.417065 5.366517 10.535499
247.282287 5.445636 23.339516
220.223204 5.367250 11.419601
219.271952 5.370335 11.773178
171.033494 4.762175 8.844843
220.122306 5.368547 11.402042
199.391047 5.329579 11.855503
218.818745 5.368948 11.870181
176.901886 5.298273 8.642039
219.363433 5.366047 10.866876
212.890571 5.359027 11.726093
213.274149 5.358981 11.479327
236.487798 5.429264 20.601241
224.132481 5.370023 10.810145
219.288289 5.365937 10.864646
226.066852 5.346586 16.986785
198.118150 5.339278 11.398239
222.464289 5.373365 11.945465
235.468118 4.732542 6.400018
180.103007 5.308928 10.651485
244.767823 5.366577 8.404732
242.301625 5.403586 12.577432
221.282479 5.370135 11.386307
204.292090 5.315048 16.694949
207.472689 5.350899 10.757341
229.849449 5.379775 11.412840
246.016724 5.442401 22.921478
161.140872 5.270110 11.639648
214.917238 5.360699 11.493270
197.608278 5.306437 15.675506
216.204470 5.349400 10.711550
215.516229 5.361682 11.485956
140.774221 5.538489 14.027091
223.730173 5.360120 10.710746
203.377663 5.344580 10.913394
219.574305 5.096946 15.039990
234.828083 5.392322 12.350520
206.855109 5.350048 11.474761
198.254090 5.338725 11.073800
212.011922 5.360012 11.134776
233.891797 5.378253 11.175462
212.922094 5.358385 11.452598
224.512301 5.108809 14.710100
186.903585 5.320023 10.981880
191.362653 5.331553 11.551534
217.699160 5.362266 10.934593
199.366855 5.311349 16.908705
161.126687 5.016513 20.016564
105.496849 5.165946 7.962047
205.075504 5.320787 17.170207
206.762626 5.350048 11.458432
183.425368 5.315141 10.839983
207.629006 5.351345 11.425789
219.259528 5.099132 15.005497
217.578602 5.361644 10.948708
223.829182 5.359121 10.728044
221.490215 5.370441 11.384818
208.321486 5.355442 11.581035
224.456406 5.372045 10.903270
220.102437 5.368533 11.393053
212.900234 5.354528 9.968366
226.652369 5.343090 16.094699
198.099656 5.339176 11.410168
216.412808 5.365298 11.613252
175.194029 5.029550 17.522095
227.244031 5.360446 11.171079
231.282233 5.378774 10.693438
212.639440 5.372209 12.373028
219.282868 5.098847 15.010009
182.808550 5.314270 10.821291
225.337633 5.372213 10.934416
187.555325 5.319972 11.532224
246.724127 5.376050 10.696543
186.857864 5.319962 10.980920
140.035513 5.207806 18.314809
183.967685 5.316288 11.006783
246.726197 5.376047 10.696255
248.223854 5.402086 12.592811
216.378188 5.366373 11.477089
210.969493 5.351589 10.783100
152.398689 5.256560 9.940314
206.356179 5.339137 11.895949
220.137041 5.368643 11.379749
215.507666 5.362005 11.425899
242.353988 5.388239 10.650097
220.615421 5.365781 10.943114
214.129328 5.360028 11.439640
212.616751 5.372165 12.372393
225.008481 5.345215 16.951431
181.266467 5.312176 11.014336
178.362145 5.033571 18.937664
233.811574 5.338450 9.470685
245.769287 5.401237 12.422075
153.308156 5.257475 9.755854
233.632133 5.382418 10.692569
212.056520 5.359932 11.150349
160.858395 5.265659 24.159844
225.092971 5.370909 10.763314
172.426216 5.318795 18.035072
97.875346 5.113989 11.093996
217.258676 5.362551 10.957550
207.363933 5.349790 11.414243
212.162373 5.360050 11.138816
226.613783 5.341155 15.571414
217.608498 5.367888 11.481373
209.038279 5.356426 11.077915
175.703054 5.290555 6.274542
221.067338 5.410361 21.964849
201.871811 5.312236 15.737850
176.176689 4.843508 11.051771
206.179687 5.344511 10.878540
219.718206 5.101162 14.884321
202.607399 5.347158 11.846684
215.887386 5.361236 11.346398
212.940613 5.354582 9.967187
207.277856 5.349660 11.413207
206.850764 5.353202 11.096436
221.535740 5.413884 22.718078
211.241729 5.352030 9.952565
209.830789 5.353906 11.397058
211.188781 5.355611 11.395540
186.537563 5.051918 19.180580
173.885017 5.027295 17.366927
168.711332 5.283689 11.611695
220.464278 5.406333 22.293103
213.326616 5.357573 11.074014
207.143153 5.353671 11.097375
241.317949 5.386764 10.664363
207.455717 5.344949 10.825857
204.639587 5.342507 10.861069
206.244691 5.352301 11.045473
223.810535 5.343689 16.946467
120.312047 5.215102 8.196003
245.675933 5.374514 10.766966
241.700670 5.391049 10.950231
202.530383 5.347049 11.863648
202.828239 5.343224 11.495704
208.033099 5.352367 11.344364
184.808815 5.303442 10.731603
181.268371 5.312181 11.014884
169.459053 5.283830 11.146651
207.068378 5.353914 11.600394
