201.902649 5.503120 13.986980
194.170680 5.460053 16.889200
205.555336 5.526123 15.572357
186.230353 5.401348 17.422942
174.293853 5.483157 14.544456
192.306141 5.459481 16.154558
207.352496 5.424884 13.850154
183.062540 5.431861 19.483994
148.395718 5.334253 7.670861
189.048290 5.408427 12.686899
173.003772 5.444215 15.976614
203.992911 5.438706 14.042899
54.187663 4.897008 9.142964
164.119920 5.361013 12.123634
208.627323 5.457323 14.436964
175.719317 5.407271 13.936347
219.470188 5.571006 18.833023
188.600212 5.426032 14.617212
140.537544 5.385653 18.498296
181.003910 5.501162 16.368916
173.364658 5.484145 17.328665
176.896133 5.465208 12.501732
184.481976 5.467724 16.311584
177.398745 5.456343 15.957617
169.996105 5.400901 13.600721
180.572053 5.443145 11.813834
181.481383 5.414880 16.183956
187.946480 5.429483 16.207696
156.695059 5.338143 11.610096
211.979716 5.492102 18.450750
153.014665 5.346693 13.671501
206.726200 5.502312 16.367383
37.526215 4.817633 8.193600
225.494261 5.484649 12.780983
218.866073 5.537846 15.460662
193.831578 5.440432 15.101129
194.458100 5.455381 16.744892
139.617130 5.415734 13.152197
216.384473 5.558880 17.915382
179.103838 5.393310 15.286270
167.955004 5.482418 16.275741
206.575098 5.534955 15.746327
189.973055 5.453469 17.284484
192.695265 5.503733 14.507165
167.433470 5.440636 13.435883
208.122102 5.524361 14.391328
181.296510 5.493943 14.791691
191.785252 5.456454 15.390500
186.709096 5.465471 15.971204
174.312586 5.439499 18.944357
192.612088 5.429328 15.169193
186.032914 5.412691 10.998159
200.322506 5.477234 15.355482
189.641577 5.437769 14.974269
199.837167 5.457531 16.209587
208.420872 5.512822 18.004202
178.825687 5.456643 15.976469
233.390073 5.511587 16.983538
193.754367 5.453660 13.990794
169.267547 5.392558 12.393100
184.982254 5.454194 14.906574
198.079425 5.492177 17.451264
208.302851 5.527903 14.320595
220.116812 5.469046 14.168048
200.974361 5.481429 19.033428
185.238949 5.468518 16.444060
149.233280 5.307531 10.740530
162.193269 5.426908 17.653587
206.559494 5.493745 15.002832
210.567431 5.481908 14.572718
205.496890 5.501798 16.178350
205.847615 5.509894 14.550556
172.681951 5.410906 14.338658
169.913470 5.403101 13.542876
150.223352 5.431839 16.538810
200.758550 5.501351 16.959795
203.814482 5.525206 15.584964
200.602931 5.499978 16.874154
184.788587 5.427251 13.528165
206.751216 5.461447 11.762670
209.496966 5.528769 15.685412
192.521673 5.419867 12.281609
190.081759 5.453019 15.332537
223.596125 5.497185 16.411304
204.132458 5.462274 13.073262
185.195258 5.472819 14.749610
233.107702 5.482546 14.498429
169.249896 5.403388 13.988309
190.682860 5.381110 11.811836
204.207905 5.528316 15.600131
172.275602 5.413208 14.268764
207.081999 5.493503 16.530501
222.233484 5.463154 9.890627
165.064575 5.384121 11.903606
222.298703 5.484924 14.559610
196.588728 5.482660 12.545503
198.639286 5.505313 15.679540
193.679139 5.468998 12.787801
229.051271 5.510610 15.992293
208.744683 5.527969 15.590502
226.310294 5.542149 14.616017
188.326382 5.446322 14.324272
184.838807 5.431963 15.260067
233.750136 5.496850 11.347886
244.088433 5.511981 10.992607
245.840716 5.514811 10.928368
194.120039 5.452765 15.558178
198.973279 5.421930 13.463673
145.156946 5.383601 16.960765
186.191328 5.367252 8.971222
181.141309 5.497772 15.628281
220.382674 5.515831 17.368286
211.206888 5.530564 15.398558
197.006630 5.411018 13.272982
204.713206 5.510692 14.809092
151.726557 5.431845 16.483280
161.815164 5.399267 15.312920
211.234202 5.472609 14.621031
201.219003 5.461022 14.786329
199.935924 5.450585 13.911355
192.933400 5.452978 14.063376
184.128876 5.416034 10.152108
187.306143 5.373408 9.159359
177.587425 5.487605 16.532683
198.953887 5.436719 12.562454
189.433106 5.422968 12.971759
204.602885 5.477457 15.748408
163.052380 5.428256 14.448473
180.887304 5.458951 18.292637
204.868678 5.510045 14.929445
190.139113 5.399322 12.316499
193.070941 5.509156 15.042728
182.078484 5.443589 18.669803
172.653714 5.449820 16.897462
159.472136 5.392470 11.159007
187.399835 5.472458 14.409704
177.960516 5.462835 18.863066
232.812329 5.511457 16.851546
202.381732 5.494283 14.374575
241.444065 5.494914 13.601829
166.035456 5.439858 13.261318
216.758455 5.478611 14.461329
145.218688 5.358650 10.090879
142.780782 5.319265 9.547632
219.483269 5.480114 13.868630
227.699319 5.527006 17.909121
199.469387 5.512836 17.042167
219.215918 5.503849 16.432440
224.846480 5.523003 18.541872
189.839550 5.409355 12.594529
206.921643 5.520720 14.565472
184.733760 5.430302 15.294947
199.879209 5.454574 15.231210
137.136532 5.288918 8.183083
187.267343 5.413503 11.294218
154.370189 5.389544 16.359618
207.458414 5.433796 14.547420
185.056174 5.395045 11.551483
134.220763 5.279838 7.842062
176.517723 5.395264 9.799818
202.712344 5.518338 17.080130
229.870878 5.511540 16.053826
178.034211 5.498556 18.831966
196.772195 5.437352 14.981187
245.507037 5.552895 17.763228
140.580151 5.366532 18.793937
200.829439 5.529515 16.564388
127.667270 5.333000 19.557462
172.986150 5.482976 17.206809
213.728303 5.545038 15.015197
131.217937 5.252593 8.336598
161.135025 5.375278 17.456040
213.778081 5.545710 15.045156
158.818997 5.316447 8.807867
247.183596 5.553772 17.808215
242.965061 5.574731 14.920122
221.570230 5.533454 15.741458
173.618100 5.447515 15.384574
238.829669 5.449173 7.573320
212.859094 5.549751 16.376744
196.770312 5.392073 8.403390
244.861736 5.524583 13.649254
187.998299 5.471600 14.449100
131.755000 5.326471 9.434723
210.086222 5.450217 12.257286
187.608426 5.490878 14.769713
179.610036 5.412340 10.660233
165.845481 5.398535 14.660634
207.925798 5.520214 14.552879
169.573540 5.448251 15.414198
217.565653 5.522376 15.226725
201.665164 5.482250 13.995764
178.424139 5.491700 16.467466
221.741981 5.527354 13.873301
173.305879 5.396099 10.437953
228.822452 5.523805 12.998902
200.325422 5.378699 6.426479
173.177361 5.445528 18.955022
190.923793 5.425781 11.239225
210.716819 5.453879 13.664513
154.406613 5.297621 8.005861
190.737993 5.426648 11.631760
210.215303 5.510315 15.297212
223.804997 5.528777 11.909846
207.092195 5.492669 16.546274
166.960380 5.406933 15.026932
177.966885 5.408098 13.856774
142.004657 5.356665 11.029134
198.097944 5.477798 16.173761
200.348607 5.495155 15.107187
221.641646 5.456756 9.898283
157.266984 5.351260 10.848052
207.045958 5.492934 16.535610
176.553798 5.408259 10.365063
200.355128 5.495621 15.126949
194.635499 5.445710 13.760735
186.220183 5.421910 12.038151
224.669253 5.484498 12.880013
144.042147 5.361701 11.127867
201.632633 5.438238 12.746275
113.122738 5.311577 18.980819
180.981065 5.414511 11.131348
176.053549 5.423051 15.893440
166.229258 5.411552 10.439795
223.387322 5.476089 13.031469
217.312948 5.521798 15.239018
185.450959 5.432108 14.514134
164.964398 5.455544 16.348962
161.875647 5.391271 15.665654
145.356852 5.363069 11.169970
239.917431 5.527707 14.203857
218.283705 5.488543 14.887170
161.153769 5.352533 8.993553
168.129441 5.420593 13.780034
218.883448 5.478813 14.236327
200.018715 5.381686 7.059199
189.304269 5.413211 13.937478
170.983813 5.436529 15.659970
225.302538 5.520066 14.352580
210.023962 5.528762 13.493883
201.325108 5.447096 13.811788
202.095162 5.436894 12.681223
169.467341 5.394755 15.077565
179.550405 5.406080 11.620586
171.881786 5.441542 16.251389
184.406451 5.489835 15.494179
200.906108 5.465344 15.636477
176.199583 5.392495 10.824958
156.631627 5.304694 8.263257
215.156595 5.524113 13.349340
198.642948 5.458002 17.306999
184.332424 5.418642 12.299019
212.561248 5.531884 15.011816
200.345002 5.465699 15.668036
218.305898 5.395743 6.527463
164.327077 5.417558 13.776397
138.413250 5.390901 18.353346
146.246144 5.338244 14.050281
178.610877 5.387886 10.918109
203.206525 5.431517 12.855447
197.251052 5.435451 13.748738
222.640992 5.522535 14.490289
168.139872 5.419510 13.665836
218.752786 5.467564 12.692668
241.016945 5.552515 19.932323
165.778176 5.386757 14.795660
202.037703 5.524791 16.079503
159.816168 5.410314 13.255313
210.924969 5.460642 16.712549
185.816257 5.421486 12.074486
241.867568 5.531260 16.010540
180.525172 5.434539 13.192679
204.097751 5.436025 12.196354
205.725556 5.534819 16.169680
167.352133 5.419631 13.285982
201.610374 5.450012 13.946765
149.251792 5.366399 15.627576
117.962362 5.263740 10.121584
171.676902 5.355552 9.805290
165.458365 5.468897 17.302436
241.514672 5.508214 10.521247
210.821768 5.453069 17.232448
140.499982 5.250880 7.387531
231.560922 5.546630 17.190764
156.899247 5.386182 15.001469
195.033590 5.430623 12.292648
171.636428 5.382676 12.181693
212.811766 5.502399 13.065818
217.870451 5.399349 6.855548
184.307318 5.506070 16.004201
206.776533 5.537461 15.146755
208.644750 5.479863 12.630337
218.273205 5.395628 6.511790
236.676551 5.535218 14.378340
168.366556 5.350278 8.435822
187.080747 5.369544 8.832577
209.074761 5.474831 11.792740
197.970895 5.436005 13.825520
139.869347 5.330469 12.167346
181.548289 5.500975 18.312970
176.834653 5.479023 17.679711
202.692265 5.495352 15.768483
207.559065 5.459357 14.151812
169.163109 5.375841 9.684692
199.258553 5.497661 14.192865
160.867041 5.462150 18.642500
182.965210 5.456893 15.384552
189.544291 5.427559 13.516144
214.583232 5.493878 14.838677
159.917695 5.418510 17.834864
204.465947 5.445700 14.075239
183.649034 5.342830 6.728704
145.667323 5.360262 15.839337
158.812384 5.364166 13.895261
186.603653 5.498603 15.362447
139.293766 5.430660 21.053974
181.140600 5.407965 13.901233
189.912308 5.431812 13.867713
214.465402 5.495238 12.602404
188.353690 5.504900 15.482093
234.365634 5.554754 14.754731
139.141309 5.326531 12.021247
174.314988 5.488477 15.940919
174.007604 5.406055 11.020226
208.235286 5.404127 7.808768
141.318086 5.387405 11.076081
225.419313 5.493638 11.105546
208.350720 5.471734 14.150266
179.460644 5.411189 14.380439
167.086152 5.404777 16.093001
204.571252 5.439405 14.532833
215.165793 5.491186 14.751138
197.429442 5.439405 14.977228
168.534566 5.397281 17.374481
202.633262 5.401687 10.526783
186.361733 5.497680 15.342009
169.946465 5.456947 16.112664
212.294274 5.531555 14.852099
207.349079 5.418712 9.081352
168.466554 5.397117 15.760752
217.084173 5.497577 12.419684
186.092611 5.387197 10.078907
149.229217 5.324833 8.540313
237.619054 5.505563 12.391306
195.851896 5.433861 15.960965
131.801377 5.308873 11.045190
178.823394 5.448818 15.303944
195.513366 5.406409 9.810200
205.662138 5.471573 12.266567
155.462080 5.400369 11.873915
179.121506 5.409522 12.182779
206.777757 5.408413 8.280849
198.889452 5.450530 11.794475
209.588473 5.542652 16.513691
190.905836 5.433289 13.873736
139.766009 5.367054 15.169895
197.286891 5.510532 17.315544
131.752936 5.374122 18.667275
233.379267 5.551421 14.647857
209.879480 5.542429 16.494935
211.937036 5.479245 12.030923
229.569027 5.504240 14.327708
193.278206 5.437074 12.460520
168.979571 5.439311 16.106017
221.215473 5.504724 10.146592
204.599769 5.512059 15.765546
206.679856 5.512493 15.324662
146.521611 5.361793 15.827432
199.098064 5.513124 16.772115
218.319966 5.491538 11.196423
142.251279 5.335121 12.179032
204.980148 5.431306 13.584358
225.215789 5.511283 13.399615
205.824290 5.522613 15.401767
184.137798 5.460366 15.868808
212.862902 5.464617 14.451257
210.772258 5.516074 15.291700
168.438023 5.371306 11.412036
189.585125 5.447887 14.101520
156.549644 5.454053 16.022894
198.082535 5.436768 14.862581
205.648963 5.458973 14.110963
110.756254 5.343308 19.850669
184.236609 5.422490 12.366772
205.664821 5.511605 15.332837
171.618101 5.415077 13.550661
216.839511 5.506386 11.457462
201.343527 5.440171 14.532078
195.577217 5.406601 9.820922
217.997247 5.494276 15.937516
235.224674 5.531978 15.922475
199.314269 5.453368 14.626798
188.341471 5.413125 11.026317
228.375176 5.497392 11.008684
177.094413 5.394375 10.830669
217.303142 5.538447 13.459140
201.360864 5.439199 14.521644
210.154390 5.537158 16.446017
162.673809 5.392722 14.255235
193.612219 5.420785 10.554519
224.484511 5.489158 14.173997
205.022764 5.388315 9.224621
159.526652 5.404415 15.807570
201.355804 5.439364 14.526676
164.026829 5.358553 11.678184
202.742250 5.513523 15.245528
234.314127 5.554021 14.664896
153.034047 5.370642 11.087895
179.041229 5.425421 14.669121
185.527288 5.475248 18.198400
182.960521 5.419696 14.481266
185.771230 5.437253 14.694755
224.551680 5.475447 14.234730
238.050926 5.412293 7.247922
142.971424 5.312824 10.482588
147.834692 5.406153 18.572260
207.903543 5.516149 14.321088
195.092005 5.411732 10.122249
184.903683 5.401172 12.498183
230.715937 5.413657 8.273338
185.245446 5.383057 9.762306
194.199562 5.388082 8.088252
185.149170 5.391946 10.803292
142.706380 5.331773 16.273292
196.329718 5.499801 14.135643
214.567875 5.533407 13.547367
191.910647 5.437634 12.244587
226.084320 5.505916 11.209330
201.551705 5.515746 15.225675
163.695110 5.433195 18.484124
183.379194 5.434046 14.726932
219.031300 5.541631 13.403398
200.126550 5.472900 14.234292
158.833990 5.370573 14.356527
170.384375 5.374296 11.044328
164.490483 5.417942 16.882649
221.517925 5.496834 12.054351
193.078523 5.360772 6.779964
178.696677 5.425216 14.665621
237.229826 5.516905 11.124367
