65.968475 4.427540 12.383461
13.066710 4.844075 19.090673
36.263130 4.679288 12.714995
19.869352 4.984173 16.199106
60.338029 4.241451 19.486762
37.123361 4.934347 14.654151
87.674038 4.561055 13.314933
18.031294 4.138812 18.544835
82.551090 4.486170 16.674940
71.788099 4.472255 11.346081
60.397632 4.388127 15.678329
3.896407 4.652735 17.483170
76.489788 4.484614 13.471694
31.261243 4.914962 15.309244
74.014482 4.461077 11.301132
7.541851 4.730293 21.439098
61.711549 4.412740 15.473434
41.743649 4.802122 15.783882
42.247281 5.317763 5.620079
64.062980 4.941240 16.318491
137.679419 4.759028 13.629027
69.806784 4.455306 13.625059
77.735416 4.544984 15.325738
65.870948 4.427949 14.285188
13.844200 4.829294 16.083254
58.770273 4.394266 12.258433
28.208279 5.054327 17.051429
50.653790 4.318528 16.796109
69.741574 4.913285 21.793509
15.871591 4.189230 20.084249
88.078440 4.598546 16.651943
145.628479 4.788181 13.369530
85.943919 5.098545 11.082860
168.753543 4.811207 13.507930
72.476728 4.605675 13.804846
32.380423 4.563509 12.050129
29.694182 4.775573 15.373956
59.037964 4.368173 13.492659
62.088128 4.414437 15.042704
20.625950 4.601762 23.680271
60.613063 4.381017 12.118306
93.157497 4.452706 19.957688
64.533965 4.417095 14.227946
71.534858 4.486349 14.717842
34.209844 4.518248 13.776853
33.691797 4.145200 8.996962
52.624711 4.316269 13.220585
73.339288 4.521973 17.021010
49.221006 4.467029 14.551569
71.559963 4.484287 14.710549
75.978782 4.475069 11.050614
65.216663 4.841107 16.086977
8.681408 4.779694 19.493197
62.086860 4.952031 10.555668
35.317130 4.775528 13.877083
61.299991 4.386469 13.424805
59.265930 4.518936 17.362834
64.821916 4.458453 14.734215
43.419065 4.232648 12.022412
40.303225 4.809239 15.773423
7.774600 4.366733 5.129670
59.705060 4.373613 12.910584
77.083364 4.626098 20.335513
62.328830 4.922261 16.117193
61.057318 4.377858 12.926642
88.152781 4.551997 11.989455
63.679714 4.409197 12.491140
51.718991 4.288000 14.632403
40.427707 4.129742 10.854799
94.942310 4.590258 12.599899
56.087001 4.338592 12.308743
37.651081 5.135503 9.640503
80.570398 4.521926 13.176224
46.839069 4.213253 11.808938
52.006032 4.432565 15.114695
14.066490 4.567439 15.137249
83.337603 4.547627 15.342198
84.897424 4.529503 12.986391
18.497185 4.780922 15.965159
98.446801 4.612957 12.626159
83.080746 4.546516 15.388371
64.483965 4.443879 14.070542
39.117655 4.654168 13.377265
66.805857 4.464976 15.056417
25.553240 4.622082 18.665012
96.716809 4.612728 14.861294
67.905405 4.452804 15.027401
62.553616 4.417542 14.830047
64.402221 4.415380 13.082684
30.036308 4.355406 16.103997
49.688584 4.494788 18.806689
55.777238 4.338408 13.418767
62.448997 4.422613 15.758146
92.889977 4.453758 19.881549
15.842941 4.615313 15.204489
7.586037 4.354403 20.242188
61.011795 4.912000 14.446134
49.330435 4.259982 14.565273
20.666450 4.381305 18.457564
12.963896 4.964690 13.285937
89.453050 4.578022 13.108090
178.805537 4.829464 13.615384
60.456468 4.290206 8.052273
1.385492 4.121726 22.174174
63.284424 4.402827 11.933708
1.377131 4.235352 15.833440
56.013420 4.336229 14.825874
18.792214 4.095926 23.421461
85.920388 4.570416 15.250075
37.834678 5.155428 9.556567
61.704675 4.420090 15.432226
1.683601 4.126354 22.128644
18.779267 4.096655 23.338483
94.755435 4.766614 17.664681
76.390137 4.500128 11.867181
24.494979 4.675364 21.129714
59.746865 4.437465 13.684315
57.998001 4.428037 14.379880
46.535255 4.922069 12.591363
64.562785 4.947512 11.380569
58.134681 4.344275 14.205545
69.762817 4.475821 14.072467
90.089605 4.590763 13.655726
94.442637 4.447461 19.936787
67.966845 4.465928 13.381662
80.910211 5.058831 11.714850
19.655064 4.149390 18.404454
62.466645 4.421757 15.601587
45.146327 4.776665 16.205067
59.133226 4.373722 11.667026
70.408289 4.474685 13.203549
47.625114 4.901645 12.619310
71.448238 4.502415 16.824816
83.685619 4.523682 13.127675
91.793874 4.607821 16.086960
86.896792 4.532896 12.681183
70.544104 4.485229 16.117251
41.454041 4.737436 12.728069
51.306826 4.275812 12.613613
78.336894 4.550707 17.503878
51.001264 4.295799 14.570647
80.317376 4.530602 14.980428
52.693668 4.316190 13.095486
57.961511 4.490996 17.739848
70.506721 4.492548 15.893640
42.622734 4.664101 11.424344
71.968068 4.473321 11.278182
2.221308 4.411650 17.027311
40.432761 4.642593 11.558147
94.249438 4.768116 17.632984
74.990020 4.500540 14.025137
73.643112 4.494297 15.412254
64.608803 4.432745 13.829281
64.219278 4.427602 15.759725
26.497907 5.184016 18.246836
47.605934 4.297915 14.254416
13.743283 4.620880 15.345377
77.531065 4.485695 9.957892
8.206839 4.843329 16.116647
71.140315 4.484212 13.892522
69.674617 4.515481 16.463391
34.931960 4.422882 7.990976
27.453463 4.589752 22.675690
62.377339 4.950561 10.982120
72.441248 4.518279 15.855804
60.107281 4.458018 16.721407
46.044345 4.713504 11.516850
79.352469 4.525267 14.338012
70.072308 4.546296 19.069773
76.188817 4.591827 19.055348
75.337747 4.505497 14.301672
62.045746 4.390819 11.595415
67.177825 4.419622 14.442497
94.063132 4.572590 12.039663
66.304307 4.930684 16.747277
3.188037 4.522847 17.451064
71.405116 4.464366 11.120426
46.814378 4.263076 14.463921
15.315677 5.008000 16.206207
56.685541 4.322478 12.882502
52.724071 4.336226 14.263137
83.552735 4.553138 14.928464
34.403534 4.526138 10.626126
6.542224 4.804770 16.095675
65.589096 4.420342 14.833372
59.357682 4.501308 16.645289
127.183153 4.763659 16.917019
61.590806 4.420862 15.440947
69.304409 4.463228 15.092871
68.164157 4.448646 15.397596
56.963198 4.620733 17.869894
18.819701 4.099090 23.110687
106.766996 4.666744 15.013857
1.904529 4.382829 17.095612
66.375058 4.416174 10.356431
59.026631 4.347345 13.896671
59.934059 4.363651 13.981861
74.468507 4.503586 14.859880
20.562249 4.625882 14.757193
76.871382 4.532856 16.502217
18.923310 4.938150 18.202362
38.356674 4.745592 16.942715
36.991352 4.734051 16.567661
36.452265 4.793115 16.354267
75.714679 4.502094 13.555172
73.805337 4.448500 10.555270
45.368397 4.822541 10.885772
160.112335 4.939418 17.764769
38.739018 4.788297 9.029720
85.392785 4.565954 14.898910
72.177846 4.409006 11.057550
26.002220 4.388463 11.612190
1.367839 4.235204 15.833302
95.017927 4.601520 12.675702
33.390383 4.443005 14.819535
24.014498 4.487331 16.801284
61.817226 4.437599 16.732779
70.316097 4.463382 11.373133
88.613198 4.598164 16.631011
72.102403 4.483155 15.308912
23.966738 5.121046 17.103321
48.302873 4.934811 13.831750
79.602702 4.526076 13.582369
64.748764 4.418960 15.248233
77.496044 4.501763 14.892168
