219.107207 5.524466 11.934767
199.105118 5.463168 12.214651
199.766520 5.509578 13.110570
170.782576 5.480206 17.511460
184.159831 5.814532 15.143090
229.150669 5.541233 19.030908
96.920762 5.226902 8.037236
224.912850 5.527751 10.955627
226.218461 5.536770 13.040695
186.863382 5.582417 13.363542
160.625360 5.438011 11.476699
148.396825 5.286612 14.564231
133.551640 5.446043 22.194347
198.385115 5.505504 21.614458
212.222655 5.535609 15.158053
227.085559 5.529123 11.481025
205.037990 5.486277 14.402487
184.914246 5.835980 14.719502
201.247855 5.515293 14.218818
222.192119 5.526655 11.881177
214.342807 5.520112 11.861439
216.438750 5.508136 11.350722
195.185024 5.503846 12.981770
162.095666 5.229098 5.556953
166.840815 5.479118 15.936880
182.014377 5.506062 12.619365
222.717063 5.526069 11.835947
200.891876 5.511019 13.061712
133.679107 5.446137 22.175773
173.461081 5.475126 13.158011
189.473701 5.724773 14.088326
243.114246 5.547573 16.817772
216.259883 5.518922 10.783171
238.302224 5.545811 11.806862
200.464715 5.469040 10.042463
213.387983 5.520559 12.195318
217.698569 5.319481 5.538752
227.578128 5.536771 14.363063
162.886674 5.437641 11.668022
155.497838 5.315477 6.230571
221.464750 5.295060 5.151314
178.805489 5.494210 18.037297
217.612465 5.523575 21.150302
190.157125 5.687561 13.709239
215.692870 5.508688 11.373546
165.036851 5.442340 17.230860
235.598604 5.551336 11.215064
221.735475 5.528728 10.996565
238.746530 5.544035 11.206909
204.167386 5.489208 10.982874
219.041904 5.526102 11.249812
192.351687 5.601149 13.314802
172.004257 5.450788 11.463275
182.139043 5.459054 10.934671
189.941603 5.486242 18.310315
175.182694 5.476609 11.947886
225.281371 5.528811 11.743308
220.315246 5.528320 12.090859
211.224805 5.286915 5.502092
193.148460 5.559053 12.723061
173.604601 5.468673 13.763719
175.283233 5.324753 6.029459
99.149154 5.347309 23.643729
111.378828 5.382089 16.682807
199.698493 5.509484 15.582563
155.885449 5.263983 5.786766
171.023681 5.481937 17.287768
223.482303 5.530344 10.905366
219.774054 5.531785 18.339554
211.199961 5.524668 12.194961
211.149279 5.516032 12.026105
159.631262 5.426503 10.933763
214.136243 5.518442 11.663944
199.872146 5.509536 12.037808
127.188709 5.354533 15.759921
216.495535 5.531923 12.236410
221.640221 5.527862 11.474023
231.727678 5.540214 11.181054
229.100204 5.531591 10.944631
201.255937 5.509614 14.245248
222.287187 5.541628 18.883431
209.408140 5.515614 12.262516
205.321673 5.511293 13.064540
216.635917 5.531618 20.656075
234.037090 5.539911 20.208705
192.270572 5.515546 16.840178
223.048376 5.526622 11.490830
168.801837 5.489540 16.837340
169.536773 5.559532 13.182204
192.504366 5.591443 13.070630
221.434147 5.543601 16.731236
115.852855 5.400544 18.136718
218.175415 5.518992 13.026857
230.855142 5.532678 11.531476
212.847724 5.519034 11.907103
179.008066 5.501115 12.198821
221.100375 5.297812 5.297204
174.764401 5.454950 12.154026
222.905727 5.534536 11.000449
188.952605 5.500461 12.010255
195.044598 5.503493 12.966860
190.906135 5.489377 13.066302
198.230456 5.297249 5.214136
189.631254 5.607436 13.227720
228.224228 5.547743 12.864578
226.316891 5.595248 9.501952
198.592882 5.506855 12.374307
219.589251 5.532600 11.200018
203.327774 5.509528 12.747527
183.781514 5.479257 11.403671
214.468951 5.522025 12.619746
221.767075 5.544277 16.792998
208.037438 5.502281 11.471551
106.511292 5.361110 17.135655
93.845954 5.112840 5.895971
195.494303 5.503347 11.786655
162.602448 5.447219 14.480559
228.225784 5.633726 12.798851
230.577821 5.536094 11.646827
222.207898 5.544677 16.868511
222.661831 5.528049 11.192464
166.534841 5.461395 12.048049
208.064723 5.502246 11.469219
197.363588 5.500139 12.483027
189.739018 5.480352 11.545330
170.947695 5.411206 16.378687
200.075881 5.509770 12.044778
78.041362 5.105567 17.911691
80.891814 5.115150 10.268918
221.523030 5.533547 18.468509
191.700038 5.514926 19.468721
118.953787 5.379589 16.523859
174.357139 5.265164 6.670182
198.085240 5.506639 12.573582
242.554924 5.578906 16.377199
220.053104 5.525912 11.226856
195.159750 5.492314 12.839120
167.461076 5.441387 10.910043
234.169353 5.307217 5.277256
221.213202 5.315618 5.168381
117.420353 5.402426 17.948407
217.519194 5.522637 11.464411
227.663400 5.536926 14.361876
151.681825 5.525403 14.890533
139.898888 5.404092 11.290458
237.230493 5.544366 11.552307
176.307114 5.472359 11.875703
215.660908 5.523194 12.864524
183.873566 5.499933 12.620530
93.820115 5.151824 8.400972
203.746226 5.510280 12.559506
216.406718 5.521387 11.936954
161.682261 5.436718 11.264666
220.701779 5.529531 11.141159
222.196636 5.525815 10.948547
174.631092 5.243696 5.501770
228.958549 5.537397 10.905353
168.114107 5.434947 10.723480
246.885538 5.551923 11.973426
246.289052 5.545834 11.489064
106.230335 5.163276 6.199052
201.775294 5.603868 13.455155
71.272493 5.168018 11.131968
216.635357 5.521202 21.839202
197.043905 5.500957 14.424699
202.875489 5.609970 15.102387
220.093576 5.294682 5.290410
159.615013 5.427860 10.801237
214.841247 5.519967 20.292679
195.745678 5.515069 17.339385
111.241124 5.387874 23.070090
206.893306 5.495458 11.727962
207.022258 5.512350 13.324349
220.270564 5.314099 5.275846
184.533765 5.479755 14.392295
194.128381 5.495741 12.775263
177.994310 5.479674 11.945911
249.262186 5.555964 17.270705
212.553445 5.518514 11.927722
215.144189 5.505844 10.834315
77.939578 5.106457 17.843186
219.788242 5.505511 10.786751
211.585285 5.517946 12.019279
129.948584 5.353072 13.975990
198.603893 5.508190 12.011536
221.921835 5.531088 20.459552
224.526081 5.529758 11.401554
195.295025 5.503275 12.923300
200.843869 5.511481 13.080359
210.672167 5.620739 14.196484
217.447666 5.524715 12.921674
244.619428 5.548948 16.969519
134.114098 5.198663 5.486956
193.058060 5.510994 15.540721
237.033414 5.538012 11.760189
222.467933 5.524169 10.662382
218.701925 5.481878 7.840433
212.736245 5.521466 16.200796
219.167210 5.522418 10.779073
185.886886 5.500526 12.610786
195.268636 5.472007 10.798470
200.607594 5.515996 12.944428
229.534617 5.636971 12.746772
170.650124 5.561346 13.254447
241.788007 5.342844 5.829204
217.567481 5.316637 5.657751
234.423215 5.536644 11.250895
205.173164 5.490110 11.689914
194.470800 5.502281 13.026606
147.243403 5.442853 12.514754
216.185118 5.522635 11.613610
210.359133 5.498935 11.494564
170.829454 5.465679 11.476012
222.775734 5.514508 9.935614
175.453289 5.485120 14.236182
219.753299 5.530539 19.090503
199.611697 5.513120 12.190019
186.495848 5.505527 18.455518
246.497831 5.557468 22.836323
155.324163 5.263624 5.766450
93.042159 5.143954 8.412070
233.293898 5.524976 11.491312
238.739485 5.544025 11.210813
167.556075 5.480467 14.289925
76.241695 5.090163 20.776876
180.608514 5.494447 15.034419
182.253486 5.459241 10.935191
190.789289 5.508935 15.188942
224.363389 5.558487 19.265842
163.316348 5.301338 7.392361
224.784916 5.528639 11.747221
207.548947 5.511316 12.207620
132.864151 5.426254 12.840309
113.100078 5.187103 6.616360
172.409533 5.414828 16.509039
249.579018 5.546197 10.769820
225.275761 5.531432 11.748115
189.353003 5.507477 15.558925
184.606634 5.492147 17.795944
248.483498 5.561516 19.838083
227.608034 5.547148 12.323388
148.362818 5.425678 16.549288
215.657341 5.521022 11.452817
159.261850 5.428816 11.409123
221.893924 5.530727 11.111261
193.627000 5.290551 5.996851
224.643047 5.530013 11.718179
200.694155 5.461411 8.050321
65.603566 5.036129 7.143021
183.154506 5.470585 12.136402
210.867557 5.290457 5.400661
202.282309 5.465866 8.663146
248.894451 5.555769 16.436390
110.790429 5.387878 20.494284
205.332711 5.516645 12.636598
234.695950 5.546498 19.244074
229.228655 5.533151 11.885650
231.223156 5.533768 10.855632
207.710713 5.428754 9.286667
175.511042 5.478222 12.467448
219.846026 5.314621 5.497802
240.468667 5.548042 11.453783
57.018368 5.091807 20.927322
219.531176 5.524337 11.426879
210.553326 5.535236 19.803005
195.464719 5.503315 11.787012
236.351322 5.542085 11.656826
164.232733 5.433935 10.725101
145.740152 5.433429 12.718693
224.113921 5.641518 22.591718
238.740068 5.544025 11.210807
208.359771 5.312374 6.188018
188.752043 5.475970 12.088131
242.152784 5.546289 16.799184
221.639794 5.319036 5.381809
185.512835 5.494308 18.442357
220.443782 5.524554 11.203598
201.896920 5.466005 11.798958
174.213414 5.562048 11.538947
184.839166 5.487517 12.679641
186.510955 5.481379 12.108615
68.565287 5.058020 20.184513
217.211820 5.545272 20.635521
201.844102 5.525874 12.518178
194.964027 5.484980 12.110679
231.855159 5.537745 11.799276
178.974384 5.475685 11.904040
224.172074 5.539407 20.753852
150.620200 5.211103 5.335008
150.858730 5.220940 5.573132
241.758992 5.546230 11.870913
223.202956 5.543312 18.770191
209.396178 5.305655 5.801702
173.000858 5.472632 11.812515
214.734461 5.519883 19.697871
217.371987 5.530759 15.700771
157.450657 5.441922 16.012096
111.999623 5.389423 20.377013
233.087862 5.526804 11.535414
169.541994 5.445982 11.011940
189.300877 5.513643 15.494464
249.250000 5.550755 19.781946
152.455731 5.458100 20.286820
205.325325 5.511295 13.065710
213.678747 5.500173 11.824865
175.919037 5.475899 11.845889
194.922449 5.478262 10.972081
219.805210 5.530722 18.982621
208.913140 5.516872 13.718164
212.898730 5.517904 22.156096
215.822034 5.522072 19.500919
245.827656 5.532255 11.478796
118.531281 5.395505 16.412620
182.791566 5.457422 10.766865
197.957373 5.505761 12.702040
185.418592 5.459388 10.796487
182.206851 5.477294 14.363871
222.709766 5.489759 8.771877
200.262155 5.251712 5.259442
246.925621 5.548761 19.762405
248.818513 5.559952 23.585756
243.687176 5.551077 19.365435
187.571817 5.481305 18.292782
68.811602 5.160500 11.073692
240.697776 5.545004 16.355655
140.692709 5.252517 7.157010
202.165969 5.240568 5.047858
223.465204 5.530034 11.231006
215.037478 5.519394 16.033059
221.436290 5.527700 11.319164
197.178965 5.510365 13.084101
220.669545 5.524268 11.125087
240.297135 5.552377 19.347963
173.770819 5.458438 10.674895
173.676725 5.484354 17.028917
225.425572 5.529820 11.613806
170.135905 5.264350 5.740790
211.682363 5.528053 20.926241
175.425804 5.470154 14.245698
225.916378 5.531944 11.239955
183.330015 5.520855 17.666598
190.264781 5.474772 10.710651
242.389080 5.542176 14.960912
189.234508 5.513431 15.472595
159.276364 5.428657 11.430918
114.562164 5.153026 5.870437
151.241962 5.220596 5.575314
205.607175 5.515968 13.763856
247.281604 5.554165 11.667312
144.976589 5.417722 13.965639
222.427235 5.529609 11.307806
216.107361 5.519811 16.029972
181.479066 5.478372 12.914608
199.848143 5.612874 14.134261
199.868989 5.509637 12.049323
182.173347 5.459050 10.929135
211.630006 5.305864 5.539714
241.752973 5.550684 13.525517
113.517034 5.392581 19.688467
93.505740 5.111361 5.873280
216.163739 5.519149 10.972304
196.653316 5.504486 13.131113
219.504326 5.316644 5.572098
195.957673 5.504358 13.026175
218.880500 5.524745 18.988836
190.859857 5.507266 15.329869
220.813620 5.528664 11.276693
220.534560 5.527677 11.583433
222.975914 5.527992 11.098583
189.818929 5.475221 11.137331
198.208744 5.506240 12.080133
221.205848 5.532998 18.431201
170.168091 5.563985 16.696244
228.807926 5.534240 11.669499
197.268123 5.504957 13.081435
220.344185 5.527541 11.651864
232.409686 5.543817 18.941104
222.908540 5.527948 11.107459
120.484814 5.336000 17.400837
204.000854 5.509711 11.802572
239.280290 5.551485 19.979908
227.916374 5.530510 11.793844
207.930128 5.302757 5.764664
242.584064 5.556069 11.869991
166.899055 5.440404 10.894016
197.051252 5.502526 12.752416
197.856427 5.507389 12.963525
225.184071 5.529442 11.467977
193.302912 5.501970 11.777489
67.123460 5.038775 6.217412
179.826288 5.459562 11.569442
170.884604 5.215911 5.354751
202.051099 5.516717 13.030981
207.202040 5.495714 11.412705
183.562182 5.498604 15.104426
176.134977 5.476402 12.027078
174.226947 5.477307 15.305721
202.720912 5.467186 8.713481
230.656952 5.535893 11.138862
223.109903 5.529141 19.049736
130.547234 5.391931 16.629777
204.981715 5.511899 12.201927
178.220586 5.447174 10.834203
152.900966 5.422034 12.038479
229.915817 5.539074 16.632811
177.153795 5.473503 11.933694
197.464174 5.471393 10.943878
221.410240 5.313835 5.514276
217.252002 5.524030 12.196278
212.557848 5.530999 13.071231
152.946400 5.418353 11.196777
170.461921 5.449576 11.872021
206.759149 5.496072 10.974672
237.942710 5.539143 11.521779
247.314262 5.665123 18.780693
230.695852 5.530056 11.692218
199.648471 5.498517 11.925249
203.604490 5.496829 14.724631
188.023637 5.473478 11.307477
230.979837 5.533519 10.865833
189.942242 5.475097 11.019320
170.504662 5.562350 13.278657
198.347723 5.511270 12.994723
203.132486 5.517474 19.573252
218.642009 5.533078 12.745154
222.172472 5.526207 10.961535
83.665530 5.273893 17.971402
211.129981 5.514682 20.643560
197.441956 5.505629 12.589410
218.088825 5.389082 7.779814
121.714893 5.335088 16.312070
213.924471 5.528979 19.769727
212.810653 5.305935 5.525966
195.512750 5.463477 10.750826
197.457701 5.505548 12.559697
201.182390 5.489414 11.580420
189.816878 5.510523 16.691204
154.918586 5.423511 11.388803
181.497809 5.481835 12.154613
219.410234 5.314251 5.502505
249.648477 5.546147 10.767553
199.986674 5.351748 7.562035
221.748478 5.528345 11.201172
168.028140 5.447356 11.004498
222.344145 5.526893 11.879157
219.360545 5.522973 10.991446
199.859617 5.509624 12.048945
216.912070 5.375923 7.414626
202.003626 5.485833 10.902813
165.644884 5.443488 11.375367
198.060387 5.521619 19.478195
198.314785 5.489113 11.570120
220.261540 5.522940 12.180882
179.107966 5.454453 11.034739
219.829470 5.511242 11.267674
149.692393 5.411926 11.174943
166.119370 5.550386 13.563139
192.518050 5.465659 13.039386
221.259498 5.507825 11.426186
192.186282 5.469929 10.762968
177.252284 5.557614 11.646135
196.471875 5.486120 11.372942
138.460349 5.238922 6.870413
173.016932 5.236848 5.363180
155.591117 5.421689 19.226532
218.422931 5.522812 11.881271
193.439154 5.504187 15.273897
195.065202 5.503318 12.794639
166.270882 5.438450 10.852184
220.914381 5.543937 17.584187
249.868808 5.546559 11.785146
238.811776 5.550747 19.882386
147.698254 5.248059 5.704307
194.705240 5.501536 14.538343
248.584540 5.543208 11.504555
216.666197 5.535292 13.752518
184.508548 5.467769 10.929602
196.495036 5.506986 12.909307
74.036270 5.090705 10.158445
182.239991 5.460255 14.236669
198.527020 5.511349 12.974370
208.522984 5.513301 11.153863
196.149601 5.500826 12.887564
109.717869 5.387374 20.724890
221.615677 5.528892 11.312632
185.777177 5.480441 16.708622
225.474601 5.530558 11.720387
209.961641 5.513366 21.589466
232.056252 5.537441 11.519483
208.816310 5.517243 11.996993
166.739166 5.461240 12.526687
224.268832 5.517026 11.496313
225.764845 5.502148 10.574691
167.517380 5.236670 5.524138
222.212757 5.545064 19.705557
217.012525 5.534434 19.951324
168.916381 5.476812 20.957873
204.899333 5.513652 11.817807
203.398797 5.509243 11.843670
211.302596 5.646821 21.876811
213.542386 5.519443 11.867423
197.504381 5.500175 13.202712
221.248983 5.528472 11.337521
181.659401 5.495134 15.817668
163.901367 5.442953 18.685870
183.604255 5.466362 10.777376
236.799485 5.542504 11.670295
173.176361 5.271576 5.632610
237.077333 5.549051 19.584964
166.038457 5.555069 13.678325
206.655417 5.494109 10.892363
212.563699 5.513996 13.338209
112.787834 5.391472 19.671758
115.803287 5.398067 22.094039
173.830432 5.456070 11.337751
241.556568 5.556251 19.298516
175.215531 5.456722 11.810137
136.623824 5.189100 5.494540
202.446170 5.508515 11.868104
223.201621 5.528907 11.190337
184.644191 5.481400 11.254936
214.663394 5.519163 12.681233
217.193645 5.520872 11.292503
160.797932 5.430518 10.844230
158.974462 5.422437 10.721496
199.532427 5.494463 13.501892
200.529011 5.510056 13.267505
217.373946 5.531671 20.991300
161.048932 5.432845 11.612014
167.538675 5.552676 13.617944
222.467244 5.527403 10.894930
176.519835 5.453201 11.718018
205.478186 5.305390 5.844658
114.761706 5.320534 18.261319
234.727410 5.553981 12.885973
211.122682 5.515244 12.822459
190.834409 5.508949 15.176029
200.274719 5.494983 13.557345
197.495437 5.505583 12.535601
200.513290 5.509801 12.099289
173.414621 5.437753 13.888733
222.213544 5.526939 10.841530
190.852012 5.590802 12.994690
207.988940 5.301506 5.532521
199.012823 5.288650 5.606200
179.892755 5.461049 11.551226
171.297222 5.216979 5.360594
159.490849 5.424914 15.671200
198.029852 5.505818 12.696729
210.694590 5.617052 13.712215
207.069291 5.493231 10.786353
223.459193 5.530017 11.229779
193.339436 5.526514 16.786972
108.405604 5.168965 6.369191
192.220657 5.503207 12.597301
193.237554 5.287905 5.942531
184.841936 5.487520 12.679524
238.189332 5.543390 10.952688
178.640714 5.475086 12.000242
171.946532 5.447481 10.895627
208.677229 5.307263 5.679154
224.783723 5.528640 11.749448
217.556643 5.521382 11.280558
207.022680 5.495588 11.412635
200.415593 5.507767 13.320175
72.665576 5.228892 20.325902
173.209432 5.444481 11.684633
236.451033 5.542132 11.659216
226.578773 5.532501 11.226553
214.117193 5.499770 11.813484
178.333637 5.297115 6.232943
211.233927 5.286325 5.320050
237.585072 5.530732 11.687610
216.095246 5.521440 11.069349
239.178649 5.545716 11.547803
185.719600 5.458820 10.672241
205.654673 5.513391 12.561166
247.987700 5.541780 10.863416
164.029460 5.453476 13.027045
165.805433 5.439238 11.314133
111.813470 5.388660 22.998909
203.481166 5.287006 5.588212
224.315276 5.531203 11.245532
240.660115 5.555237 19.141273
175.197348 5.456685 11.809529
73.435539 5.230444 20.279324
203.483189 5.518563 13.994902
202.626408 5.269260 5.046029
43.424272 4.948350 20.301717
225.938910 5.529838 11.292539
103.905837 5.162656 6.391822
167.997226 5.464633 20.919664
197.061741 5.507616 13.315135
206.632096 5.511917 12.035060
210.375368 5.515053 12.701818
181.260373 5.489449 20.158609
113.795875 5.394653 19.794721
144.128700 5.226199 6.174199
154.166195 5.237800 6.037169
241.683553 5.549144 13.430526
171.705557 5.444769 10.867329
241.429346 5.554069 18.399970
219.280826 5.323276 5.490898
192.020388 5.465123 10.818806
241.749821 5.551381 21.612593
222.744693 5.526159 11.200873
213.896467 5.499405 11.816186
187.401504 5.469021 11.387456
209.535263 5.503690 11.445065
248.361500 5.556554 13.615711
174.995767 5.296356 5.740505
226.017461 5.519852 11.920194
194.856095 5.511620 16.158057
243.974602 5.551433 21.107495
112.071946 5.389599 19.585952
228.554156 5.534429 11.233960
53.917757 5.064241 14.447672
210.025119 5.525859 14.561559
204.993980 5.574006 12.736405
220.638702 5.543737 17.677953
126.759944 5.400569 15.899268
230.305917 5.515202 11.369437
187.185871 5.468588 11.438426
207.557459 5.513908 12.955243
224.908944 5.530557 11.163265
132.085753 5.211067 6.231011
214.738820 5.505719 10.696095
161.307727 5.436828 11.253183
219.800802 5.526278 12.822509
245.684423 5.546186 10.826666
173.066979 5.441913 11.735244
239.230607 5.547644 12.751716
198.038610 5.505822 12.699370
186.622882 5.488025 11.985759
198.972661 5.293390 5.744625
199.973008 5.503042 12.845967
153.592743 5.237026 6.047880
179.341407 5.457121 11.689770
213.847929 5.518613 12.754117
171.272082 5.484911 17.950793
187.115150 5.468401 11.434678
189.837931 5.624220 15.279140
228.263347 5.533978 11.003262
248.829370 5.543840 11.773295
217.343872 5.531567 20.964719
196.872637 5.487318 11.053027
188.733422 5.490800 12.240859
206.448578 5.506464 10.916540
230.296315 5.538927 10.789424
222.518189 5.526005 11.186255
240.653061 5.546665 11.291349
188.995027 5.457259 12.272060
227.508867 5.531603 11.325616
183.911068 5.466909 10.903234
225.114225 5.530482 11.323812
195.223719 5.287759 5.823546
230.362101 5.534901 11.711712
202.327021 5.469147 8.880322
128.248007 5.194402 5.784571
209.978701 5.293106 5.242422
205.571454 5.511034 13.899705
229.094920 5.535154 10.904001
246.390268 5.539014 11.510568
216.726130 5.515184 10.848094
185.071690 5.485218 12.913340
157.602058 5.429334 11.145948
218.542441 5.315375 5.575614
224.087429 5.528776 11.851978
205.103869 5.493932 11.286617
134.536786 5.217726 6.047378
218.702769 5.315555 5.574229
197.959124 5.507970 12.971539
186.520100 5.487901 11.989145
201.640792 5.508625 12.622282
193.590451 5.516357 16.630156
187.572828 5.496908 17.214079
195.056140 5.503748 11.942355
223.921505 5.541643 23.752550
220.421177 5.524942 10.766601
230.705497 5.530071 11.692370
197.348401 5.487275 11.143200
166.516989 5.550448 13.406486
224.074656 5.530714 11.241836
204.391935 5.583886 17.509861
217.887941 5.511859 11.051447
203.511585 5.520843 19.777184
240.782547 5.545122 16.365143
225.622818 5.529565 11.717063
220.853677 5.527242 11.377056
199.726648 5.502930 13.755320
199.562701 5.509543 12.026077
210.320350 5.515756 19.452611
197.947260 5.506371 12.209223
187.529895 5.489089 11.986763
199.706988 5.506907 12.719216
209.496650 5.295377 5.365311
118.834889 5.121831 5.396404
225.956497 5.529883 11.294335
200.965742 5.493333 11.033402
214.062067 5.517943 16.884777
164.783882 5.437748 11.320097
192.108889 5.501065 19.827625
246.918676 5.542291 11.490412
196.097101 5.317527 6.087028
190.410652 5.490505 12.123446
235.962280 5.541604 11.666836
173.605948 5.468674 13.764830
154.291034 5.435388 16.025564
171.336456 5.520729 12.793172
221.974373 5.526937 10.705132
247.326936 5.542823 11.753100
94.593647 5.066916 5.329083
198.470284 5.492720 11.499580
242.888955 5.551828 12.751369
101.615641 5.341325 19.822070
237.440058 5.542563 10.978850
191.793700 5.487466 11.018734
159.281930 5.426531 10.697737
205.000988 5.490298 11.048554
182.060220 5.451966 11.595930
177.704896 5.459826 11.361511
200.419245 5.490939 11.495664
205.793135 5.515157 12.634984
217.883340 5.523301 11.269053
241.167055 5.507020 8.489859
247.167341 5.543499 16.060035
217.208971 5.520905 11.888494
244.020288 5.321307 5.098404
73.847747 5.063739 6.560347
235.446440 5.544635 12.776706
198.718988 5.499930 12.050603
221.876770 5.315919 5.525544
167.484128 5.440277 11.918677
180.600910 5.479931 14.394583
186.517313 5.481384 12.110257
184.717239 5.485184 11.857013
158.639175 5.421012 10.671896
198.639627 5.507411 12.639492
185.571547 5.478950 10.942012
198.059867 5.505879 12.097351
192.406856 5.503900 13.082680
223.866325 5.530536 11.185816
234.060880 5.537079 10.936761
109.300988 5.302902 18.186163
189.330820 5.499388 12.973527
192.345255 5.482606 11.946496
216.069062 5.631958 16.029516
214.382942 5.517244 11.069400
156.622116 5.420579 18.040440
203.394167 5.512656 11.942664
186.553406 5.492962 12.964881
191.425080 5.483618 11.230530
219.684943 5.523027 11.959809
235.320979 5.542332 11.177086
200.705030 5.511366 13.090530
170.502331 5.561092 11.640297
189.370519 5.499418 12.972984
218.032030 5.524830 12.157082
115.260439 5.372322 16.058632
219.526642 5.524598 11.226951
173.543643 5.248841 5.543299
161.007050 5.432917 11.615643
200.647213 5.508718 14.766950
149.550706 5.424158 15.440131
195.468823 5.487550 11.718921
180.125918 5.463231 11.817490
229.200150 5.532928 11.041624
246.614345 5.558413 22.284112
162.722765 5.428062 10.701015
211.730065 5.522749 13.255614
184.932988 5.505832 15.174923
197.009603 5.505035 14.294483
221.369912 5.526606 11.228382
208.174853 5.311464 5.880063
245.765433 5.553361 16.666728
178.696266 5.297921 6.195164
135.117484 5.223270 6.137681
211.495100 5.290397 5.126923
195.731949 5.503659 11.794492
197.850075 5.499015 12.038589
186.468171 5.492863 12.975750
189.067830 5.482303 11.127739
199.945814 5.474135 14.841934
216.953881 5.520281 12.160827
244.332892 5.537964 11.685613
236.690756 5.546966 12.775470
179.753971 5.476785 12.999294
199.911352 5.509535 12.041727
196.832959 5.497458 12.545755
179.657868 5.445259 10.959347
202.988040 5.492961 11.831671
107.296723 5.369718 18.606952
205.910162 5.513332 10.763922
164.852676 5.444768 18.479910
42.809370 4.983653 19.640673
43.638466 4.992608 22.995964
229.216191 5.516111 11.355544
215.534993 5.521895 11.367550
209.278628 5.312632 5.925380
167.213602 5.459149 11.312261
229.130843 5.642607 17.912657
114.579841 5.381691 23.239801
197.958906 5.519520 17.828037
155.379279 5.425653 11.713496
178.300899 5.459663 11.357882
196.911855 5.500961 12.811079
195.057114 5.503750 11.942361
213.919054 5.517274 11.927379
169.026994 5.461343 11.307304
185.998448 5.458666 10.869932
247.128408 5.559096 22.598642
228.122990 5.324028 5.174791
118.134395 5.378559 16.596372
238.392378 5.546016 10.946534
194.387506 5.448033 8.717096
198.429401 5.525068 21.026739
210.295009 5.525315 19.458056
207.029745 5.495593 11.412061
97.189949 5.129234 6.246998
177.032856 5.474638 11.931765
210.100623 5.518640 12.617639
200.226183 5.507949 11.951470
189.060119 5.489494 11.930396
222.555706 5.508882 11.418054
207.848739 5.310396 5.879819
228.942965 5.533256 11.632133
179.747804 5.451190 11.474198
201.038246 5.507997 12.874914
218.049053 5.625784 13.600547
219.296273 5.538483 20.592228
216.812109 5.307398 5.410991
116.733512 5.382711 17.743814
168.450219 5.428373 11.342742
200.062820 5.503350 11.938216
229.913172 5.539074 16.633797
197.635326 5.506046 14.295897
209.462681 5.492217 10.201073
220.015222 5.321956 5.456936
235.116939 5.542125 11.186020
222.259167 5.544672 19.062277
189.106373 5.457621 12.274528
216.242398 5.508871 11.750960
113.037555 5.312375 18.257158
197.696866 5.471982 10.941889
225.631826 5.527381 10.954542
159.470773 5.434526 11.152446
184.897524 5.494544 19.752355
170.439496 5.562158 13.286144
196.135982 5.290457 5.841197
222.988812 5.528559 11.211706
180.750817 5.448911 11.832777
210.546348 5.309102 5.586392
198.654853 5.506728 14.099481
115.543775 5.396846 19.788526
172.113655 5.436189 14.499158
178.222142 5.479583 11.922975
112.683609 5.378772 23.323257
239.734590 5.563320 12.491880
223.333654 5.529638 11.336761
198.431561 5.507841 11.982558
218.108594 5.521856 10.960983
199.676036 5.508140 12.006167
238.419510 5.537367 10.957560
189.923654 5.495391 11.435102
74.643556 5.066341 6.615319
197.397980 5.482210 11.508666
218.281661 5.525834 12.118316
107.472826 5.371218 24.100534
237.609334 5.560485 12.462351
43.598659 4.992121 23.215910
223.312503 5.530136 12.489224
184.252718 5.504772 15.243011
207.238581 5.305842 5.774913
114.747722 5.320719 18.268149
208.377879 5.516394 11.824002
222.487140 5.525910 11.185351
224.634359 5.526996 12.235389
210.468475 5.309318 5.607215
198.772075 5.508399 12.008800
185.929233 5.487263 11.951064
233.973103 5.544263 12.784518
187.770760 5.497062 18.106413
129.047923 5.169504 5.368381
203.518205 5.502820 17.500311
226.311626 5.531614 11.254567
202.817908 5.507137 11.294406
230.098872 5.532628 10.777421
112.965146 5.378034 20.330496
207.186373 5.514327 10.987494
217.465862 5.520460 12.715123
202.661585 5.387453 6.106169
182.702791 5.457205 10.875993
226.298496 5.530098 11.699257
216.567793 5.522807 11.118500
200.750391 5.509527 12.016482
185.114984 5.485296 12.915883
226.668695 5.531936 11.238693
207.187468 5.512306 11.951677
115.844647 5.397115 19.753237
214.834779 5.503393 11.709527
184.692610 5.492170 24.958581
197.854736 5.510644 12.120306
190.512466 5.508464 15.198543
229.440394 5.531877 10.790513
197.207073 5.505454 13.456693
239.337086 5.541045 11.443678
187.254634 5.495740 23.865617
223.448290 5.541086 23.593648
237.290389 5.542892 10.903920
214.172530 5.500519 11.808511
238.748526 5.543977 11.217236
217.205255 5.521987 12.728803
195.776593 5.499780 11.294975
179.683075 5.459280 11.519605
211.502712 5.515501 11.620381
178.564458 5.476078 11.921542
204.855668 5.505283 11.185687
235.808035 5.543221 11.272775
214.407299 5.520412 12.117333
220.594009 5.526653 12.021049
194.860680 5.511619 16.158616
184.547114 5.518262 19.294023
196.836821 5.505163 13.965517
185.916432 5.472052 11.573120
198.243063 5.506373 14.069138
198.797930 5.508418 12.004438
191.486795 5.515519 12.970422
246.128706 5.542707 16.004559
234.116269 5.549891 12.182892
219.765963 5.522859 11.195308
211.734561 5.528133 12.899602
185.224402 5.484195 11.429838
218.805482 5.522495 10.916608
155.310129 5.425533 11.715774
227.386656 5.532643 10.567037
180.374337 5.478826 11.928797
192.261359 5.503237 12.594529
176.270241 5.252841 5.668229
192.351213 5.503452 12.603313
191.475849 5.458793 9.937703
98.600117 5.136768 6.384474
243.861888 5.544636 14.941832
195.065374 5.503758 11.943137
197.018994 5.504994 12.069088
165.190932 5.438875 11.442550
194.088845 5.446889 8.792834
157.112411 5.219358 5.382115
234.923495 5.542275 11.308791
226.091012 5.519957 11.248162
198.054663 5.506221 12.108113
218.029823 5.625487 13.598413
96.535709 5.134665 6.450955
211.721156 5.527926 12.898114
200.540342 5.515135 13.615016
191.026501 5.494308 11.952674
174.056789 5.468812 12.932255
186.821723 5.495871 18.049462
197.874763 5.498914 12.011978
195.912829 5.508118 12.991115
232.511846 5.538373 10.910405
74.557749 5.068531 6.990145
239.868426 5.534212 11.716975
173.798440 5.472916 11.930037
238.319643 5.546043 10.781640
228.534909 5.528962 15.489918
224.996344 5.531671 11.255037
195.865407 5.499376 12.587771
220.530058 5.524566 11.828999
249.179655 5.556038 11.703431
234.263155 5.307305 5.276622
223.827678 5.525304 10.952546
179.354330 5.491515 16.461968
221.750058 5.524926 11.160556
224.253713 5.541181 18.640407
107.246660 5.370518 24.217977
217.393450 5.504269 11.764993
226.233625 5.530023 11.703951
56.657291 5.083388 12.119863
176.541072 5.458880 11.890179
237.613887 5.542719 16.299433
166.412825 5.251488 5.638254
196.210474 5.290501 5.738446
183.706428 5.458697 10.888485
44.544374 4.998731 22.412327
202.091285 5.239607 5.037154
198.561120 5.506640 12.621325
178.346178 5.451261 10.801065
249.619348 5.549870 10.811245
234.595215 5.542858 17.859583
210.012606 5.587421 13.156370
227.908856 5.536733 11.324062
41.657435 4.979427 19.687534
216.224954 5.521720 11.337861
213.803366 5.523162 11.328205
198.497296 5.506773 12.107055
214.528811 5.519942 12.061739
186.160497 5.488246 12.971622
246.649007 5.557731 12.842934
119.019233 5.327378 17.056015
238.920706 5.540696 11.496425
112.043292 5.386108 17.353696
199.555157 5.507509 12.837403
113.795237 5.391690 20.169736
221.667626 5.528953 11.319236
241.427670 5.554067 18.399769
248.231145 5.555080 11.749167
214.125771 5.519542 12.144439
218.444696 5.525308 11.593798
192.264183 5.511034 15.480755
183.508371 5.500638 17.551708
188.379570 5.485559 11.967199
43.424689 4.948351 20.301696
188.718771 5.457110 12.827497
236.811864 5.501637 8.497685
178.182764 5.456883 11.528365
237.195733 5.530758 15.458704
227.129981 5.645454 17.070120
189.444905 5.617311 15.112364
234.659705 5.542932 17.899698
238.925809 5.540705 11.496361
185.451794 5.484750 12.791999
246.779957 5.542319 11.485773
196.226848 5.508304 12.982012
197.609663 5.503372 11.560883
45.912970 5.003131 22.345599
192.262846 5.510782 15.455198
165.036042 5.438654 11.443024
231.761425 5.533567 11.067220
197.072421 5.505867 13.002025
195.870375 5.499964 11.308579
198.909312 5.507716 12.846551
207.255702 5.305845 5.774262
180.729666 5.486751 19.520788
215.160576 5.503415 11.692014
210.280058 5.526277 12.990515
210.167336 5.514491 11.873488
195.990813 5.504876 11.987475
222.761677 5.541033 12.969205
228.854479 5.646984 18.160879
195.808603 5.314923 6.025671
234.660438 5.526705 11.692191
197.555372 5.505713 12.511160
247.084908 5.546603 10.108624
205.150375 5.513364 12.987247
220.171551 5.526676 12.711038
196.107749 5.469959 10.946924
179.173698 5.446839 11.585536
202.756308 5.513739 12.048260
226.466001 5.532449 11.143134
178.638553 5.499351 10.702522
214.561490 5.520827 11.843969
226.821018 5.532234 11.136349
214.201633 5.518457 11.326773
236.787025 5.530147 15.345901
232.293813 5.535170 11.572222
200.408695 5.508203 12.563865
209.917553 5.517279 12.103621
216.387438 5.521291 12.799000
188.911580 5.486751 11.926330
196.278705 5.512569 15.994343
149.200214 5.217965 5.567735
222.902046 5.345694 6.073749
160.441679 5.420770 11.526538
165.820034 5.210824 5.361604
174.830172 5.465245 12.772397
201.747034 5.392627 6.151098
113.009716 5.389615 17.733024
174.980900 5.469546 11.878781
214.697066 5.520067 11.600078
209.074442 5.513887 11.261411
198.347290 5.506586 12.107413
224.739626 5.530208 11.123592
181.081752 5.475940 14.523867
107.161461 5.359262 20.070507
136.978276 5.231179 6.290759
113.275755 5.391641 19.606845
237.927657 5.543737 11.318923
211.651744 5.517619 12.002633
216.738340 5.521135 12.015569
219.517666 5.331945 6.102158
243.623091 5.544237 14.944925
198.255529 5.506357 12.089345
139.268785 5.385426 15.316905
230.694747 5.535043 10.827227
223.171649 5.529833 11.605481
198.604508 5.522113 19.383579
212.766930 5.518119 12.643521
196.598396 5.506071 12.973636
222.647940 5.526906 11.605945
213.147990 5.499695 11.800651
233.596017 5.536331 11.274525
195.612892 5.474665 10.869056
219.450831 5.525178 11.722522
247.311071 5.555338 17.069324
226.283211 5.532018 10.816659
224.702974 5.530132 11.224277
216.599856 5.520494 11.658865
93.191089 5.122251 6.232933
241.841522 5.555296 21.469198
199.524473 5.508561 12.070243
98.544780 5.276215 12.197305
233.592342 5.541134 14.257850
197.518718 5.505676 12.540747
193.544606 5.286798 5.729801
222.048171 5.525223 11.152870
209.344192 5.308340 5.629900
160.569372 5.421011 11.540773
182.366209 5.481569 11.361882
228.203407 5.533718 11.215954
165.647620 5.443495 11.376609
136.891393 5.384129 15.390353
242.515631 5.542791 10.905705
192.044292 5.500968 19.830551
225.730866 5.531313 11.167225
197.028633 5.505000 12.069710
220.674381 5.525316 11.690456
234.099664 5.532625 15.016174
187.226168 5.487934 11.872347
112.331293 5.389090 17.828988
43.542893 4.949558 20.228609
222.362215 5.528130 11.716962
235.771447 5.542945 11.306945
226.842602 5.532747 11.289672
69.558613 5.163050 11.130328
183.587173 5.466043 11.374992
228.005943 5.534366 11.544393
216.857584 5.342623 6.259641
174.996436 5.296355 5.740322
226.435058 5.532431 11.227039
204.260643 5.508941 12.079510
196.206509 5.508491 12.995766
227.019978 5.524607 14.846607
111.431040 5.310359 18.232031
224.627778 5.525617 10.717659
221.103688 5.528580 11.595723
194.633973 5.506591 13.031737
220.074547 5.524624 10.764524
195.233501 5.468672 10.931351
207.961952 5.512904 11.287134
135.734925 5.226046 6.183785
198.578447 5.508172 11.996839
69.392404 5.162465 11.102138
217.112335 5.506040 11.737151
243.506127 5.562719 18.323935
231.968776 5.539130 13.683035
44.078387 4.988482 22.579894
233.412719 5.539903 11.599135
222.342025 5.529413 12.058167
178.367881 5.270059 6.070394
187.284907 5.473206 14.881982
222.994399 5.528639 13.511130
198.326744 5.506535 12.106823
112.450420 5.313060 18.709414
212.280562 5.593176 17.318865
230.929819 5.537796 11.162627
205.645591 5.509690 12.260937
175.012750 5.231672 5.103895
223.478972 5.528249 11.857964
210.496156 5.515488 11.889184
105.636804 5.338550 16.572574
112.782939 5.310155 18.623841
212.630572 5.500387 11.731437
224.150714 5.639789 22.411575
186.615862 5.288293 5.863803
245.941887 5.545073 11.352263
210.161707 5.515484 11.978500
232.512402 5.537981 11.131069
198.016155 5.507414 12.005908
179.188954 5.498333 10.710112
187.206375 5.495909 17.598024
201.330970 5.473204 12.182814
223.206360 5.528468 12.788005
237.460149 5.541233 10.926812
219.706483 5.545555 18.715445
174.812814 5.295467 5.689528
242.035120 5.549552 20.751968
232.484614 5.537900 11.131870
223.955263 5.530590 11.242439
220.984304 5.528501 11.654254
198.490788 5.506765 12.085804
197.962383 5.507382 12.007445
115.206344 5.318346 17.300748
174.455961 5.232955 5.138491
221.937167 5.527111 12.749911
194.685208 5.467662 10.927850
217.766749 5.314485 5.580017
203.500465 5.511296 12.268144
240.599594 5.537228 11.571534
180.688572 5.486714 19.525935
219.775967 5.524387 10.814937
247.009260 5.553860 11.707743
193.652121 5.466061 10.942567
232.181138 5.648768 17.125174
213.206260 5.499752 11.798281
107.432212 5.362941 20.691675
233.779448 5.540589 11.177974
190.264329 5.474776 10.711057
222.173681 5.509837 11.407547
229.097926 5.533356 11.530309
203.512436 5.254066 5.323891
178.225678 5.451382 10.802036
204.906534 5.507273 12.182713
197.648204 5.478222 10.879807
214.643303 5.520038 11.612526
178.744092 5.452091 10.756280
194.999507 5.503614 11.936977
158.666071 5.433956 11.387098
170.973498 5.446409 11.322899
222.919147 5.528913 19.068730
192.510997 5.503672 12.583503
226.669453 5.532462 11.235588
248.436503 5.560688 12.877226
220.929834 5.528432 11.652957
221.530899 5.526686 11.979360
236.950833 5.544282 19.611041
181.087378 5.268445 5.654398
223.253264 5.537917 19.657405
197.470948 5.498186 11.844845
179.415203 5.453169 10.766627
174.595754 5.468749 12.060400
232.788614 5.536064 11.787301
229.828666 5.536764 11.308479
242.449857 5.542199 14.976176
204.398134 5.509749 14.028545
204.737279 5.507301 12.177000
199.529980 5.507210 12.530997
219.855412 5.522770 11.580432
241.721074 5.551364 21.607513
242.441117 5.542176 14.960095
221.949981 5.527327 12.753320
231.739355 5.536352 11.157011
110.390761 5.380737 19.718571
187.337712 5.506624 15.438002
199.506468 5.507166 12.533477
178.659869 5.279741 5.857802
243.242903 5.502150 7.598480
205.585241 5.508365 12.215762
196.616182 5.504951 12.037028
171.256181 5.468778 12.087576
205.549141 5.508317 12.217086
246.791573 5.542350 11.483014
160.532544 5.414051 11.359416
192.754592 5.502022 17.501777
220.912398 5.528377 11.652402
226.747990 5.532290 11.200747
248.235716 5.571022 13.062619
200.776800 5.397900 6.476180
211.340804 5.530807 16.442067
230.981840 5.535605 11.161157
234.061951 5.540914 11.176533
246.984162 5.547893 10.919859
216.572683 5.595691 17.280288
226.613750 5.527686 10.941821
211.589752 5.522839 13.705963
107.857129 5.372483 24.066446
113.561614 5.167460 6.084106
161.700916 5.450856 11.143744
178.247660 5.457000 11.531175
77.375721 5.076479 6.753661
212.026778 5.500767 11.689055
235.156291 5.538714 10.963257
130.019864 5.169769 5.328816
197.150446 5.505644 12.607730
160.041925 5.433676 11.486021
204.638404 5.295375 5.475845
185.738646 5.299578 6.014075
235.280577 5.538048 11.707364
213.205343 5.518759 11.654303
205.970946 5.521624 14.812357
222.804312 5.529207 11.603740
198.388711 5.522061 15.341994
212.331681 5.516114 12.043156
237.151100 5.540482 11.529189
213.206013 5.499751 11.798277
198.360045 5.489152 11.569811
194.727864 5.467703 10.929595
210.185188 5.515947 11.858733
238.690943 5.547172 10.862734
249.980220 5.556734 11.616930
221.960183 5.525521 10.924175
217.766469 5.521783 11.332610
176.728951 5.268567 5.732296
217.499005 5.521758 11.898661
198.555682 5.506664 12.132872
227.182026 5.532839 11.190934
161.326583 5.415713 11.359944
229.790067 5.538226 18.552220
186.208611 5.494585 13.064149
234.119843 5.549894 12.179069
110.548438 5.157334 5.949898
203.697564 5.252604 5.307027
103.764327 5.364286 22.064861
155.914018 5.422741 11.653874
198.218536 5.506571 14.010050
118.042101 5.327274 16.806153
229.413554 5.535153 11.216234
195.461462 5.480312 10.872780
219.129423 5.331506 6.101185
240.102823 5.546500 10.915048
231.476975 5.521903 10.789520
216.412931 5.596251 17.338282
218.800424 5.522534 10.970482
221.666890 5.530610 13.753257
247.332941 5.542507 11.386756
212.201862 5.518056 11.801113
228.341790 5.534488 11.263447
223.552527 5.541796 24.312173
155.728334 5.413367 11.453251
184.666683 5.454354 10.946675
206.562492 5.529376 17.169456
197.271675 5.505724 12.672572
238.665480 5.533146 11.720995
155.744310 5.413428 11.451659
219.629298 5.545426 18.692986
220.716796 5.526727 11.958294
232.477026 5.539459 11.153352
224.504036 5.541557 12.416125
209.606309 5.509742 12.625169
196.478408 5.469830 11.444000
161.347623 5.415751 11.359872
195.139007 5.503602 12.007427
202.928874 5.494397 11.384682
230.532836 5.534569 11.204414
213.381935 5.516926 11.929941
169.221730 5.444036 11.573281
215.237709 5.519760 12.203777
220.843624 5.537203 12.478760
203.215603 5.517328 14.821366
78.684092 5.080636 6.801702
196.545562 5.504858 12.020154
200.651698 5.494506 11.808273
222.496921 5.527229 11.681175
191.030112 5.475770 11.443676
231.854231 5.538176 11.174194
210.428667 5.300197 5.385115
168.285078 5.441543 11.569762
215.533477 5.414476 6.996046
202.760973 5.513742 12.049885
221.110264 5.526574 12.852206
182.195276 5.459163 10.935097
219.837814 5.525077 11.192182
215.848212 5.307524 5.532414
224.372099 5.529829 11.221851
159.814386 5.414802 11.387254
239.842530 5.546114 10.914802
199.299012 5.484786 10.766653
222.266347 5.525938 10.944626
202.934608 5.511250 12.590150
215.755656 5.510304 11.310543
240.485561 5.537183 11.535698
179.479006 5.453276 10.769509
114.725015 5.395667 19.908128
202.396116 5.256008 5.358265
198.914143 5.507732 12.846910
187.573957 5.458438 10.916208
115.814006 5.396981 19.878598
179.173288 5.446830 11.586631
220.413951 5.539936 20.926411
242.365139 5.546716 11.065459
198.143724 5.508745 12.349347
213.081773 5.523232 13.126382
183.757520 5.491642 19.601274
198.827121 5.514980 18.080769
217.020413 5.534442 19.951889
235.838644 5.539355 10.945655
155.378389 5.412719 11.450412
238.128581 5.552888 14.449268
77.728499 5.077242 6.753654
196.106032 5.473238 11.557872
246.410247 5.547262 10.931158
228.177127 5.537074 19.977404
185.840203 5.300008 6.029744
195.048092 5.506861 13.002728
154.495052 5.410771 11.431694
203.328603 5.493841 10.715255
227.470550 5.526119 11.271667
178.219867 5.479579 11.921538
180.471272 5.465017 11.804186
189.233036 5.495503 12.131774
44.619942 4.998773 19.006459
224.144386 5.529567 11.107180
182.007624 5.450157 11.538083
172.033469 5.448770 11.388372
204.534006 5.513468 12.031058
190.437441 5.499197 12.139647
85.668645 5.118306 6.195893
199.531652 5.508575 12.069779
195.003900 5.503634 11.938555
197.772537 5.475690 11.533293
202.436114 5.508459 11.853238
243.983313 5.540348 10.741851
229.273100 5.533807 11.211696
230.121714 5.533996 10.402794
204.211972 5.511201 12.616844
185.683222 5.486453 12.838118
181.757727 5.458449 10.931984
203.490336 5.508986 11.517080
237.346082 5.535372 11.564949
240.907707 5.537351 11.543187
188.009909 5.496465 23.611456
203.422120 5.493731 10.701513
79.592542 5.084585 6.845264
205.237947 5.507609 12.007255
222.577897 5.527130 10.877344
183.497194 5.500619 17.552670
214.244072 5.517430 11.592849
194.496749 5.465076 10.063509
235.667107 5.539197 10.944772
195.116976 5.503564 12.008848
241.494051 5.333090 5.524031
236.290751 5.540003 10.960964
194.811108 5.503275 11.954952
202.467825 5.505519 13.462389
116.911450 5.325134 18.182342
214.299824 5.518080 11.746087
220.179976 5.515302 11.077723
243.154129 5.543611 10.907674
200.577117 5.506684 11.923858
221.500168 5.527731 11.615587
115.293227 5.319804 18.213595
199.463868 5.508482 12.155085
218.610532 5.537851 20.688679
176.622325 5.458979 11.810797
185.498173 5.471019 11.413306
193.506140 5.287087 5.739920
244.239964 5.544600 10.757864
193.354846 5.286289 5.721397
228.755266 5.646490 18.167207
208.227957 5.508993 12.684009
239.322950 5.554264 14.343708
217.195843 5.504764 11.778549
242.090194 5.543431 10.840000
202.894424 5.511257 12.592684
227.283243 5.533553 11.303215
155.055702 5.411938 11.444982
243.917948 5.547546 10.630357
207.500996 5.507985 12.737885
195.977929 5.504866 11.987603
172.072532 5.445429 10.797011
243.923340 5.327881 5.170774
236.901609 5.540484 10.945541
243.841849 5.547476 10.637771
215.220948 5.518902 11.626924
120.009544 5.334704 19.456590
230.211542 5.537166 11.312784
168.086945 5.215366 5.362798
174.811959 5.295317 5.688207
202.093007 5.506654 11.924881
203.366476 5.517780 12.073287
51.288046 5.020344 9.887989
194.795256 5.287952 5.713055
189.248918 5.473179 10.697858
220.250369 5.509379 11.713133
181.000792 5.487076 19.403363
205.638856 5.503093 10.987464
219.758744 5.508636 11.723662
202.102088 5.509479 12.812264
115.292273 5.397887 22.232675
174.165541 5.232594 5.137820
189.227358 5.473166 10.701971
214.331991 5.522778 12.841429
249.726695 5.556596 11.669568
164.820400 5.255369 5.741044
180.090898 5.447015 11.636038
220.518941 5.519409 11.724284
159.531407 5.434633 11.154457
197.624145 5.516082 19.703968
203.641377 5.496882 14.728416
232.192334 5.540518 11.178756
225.542548 5.543112 12.928664
211.107441 5.525387 18.609602
224.763779 5.531419 11.821355
187.518174 5.489117 12.775881
228.740618 5.535087 11.244625
222.967094 5.515196 11.264365
209.856625 5.306382 5.653849
178.131075 5.457059 11.488225
164.440417 5.210998 5.359543
203.490279 5.508986 11.517079
178.016069 5.269849 5.725719
198.644384 5.508698 12.006751
166.894916 5.439178 11.724068
193.861597 5.463283 11.345074
238.381932 5.542422 11.549423
222.412941 5.526925 10.866109
195.173226 5.484177 11.487470
208.430449 5.516951 12.084855
222.763916 5.541033 12.977715
175.213029 5.456717 11.809672
200.247774 5.508913 12.761729
204.844458 5.515901 12.354647
211.751722 5.516199 12.043161
105.771737 5.369779 22.072304
226.363657 5.529128 11.213729
193.942181 5.482401 11.219827
153.216275 5.459333 20.246998
226.481102 5.531760 11.228920
181.732922 5.458400 10.931398
240.614410 5.546847 10.895665
118.028273 5.327229 16.814849
216.180792 5.522394 11.199606
195.439282 5.504693 13.414274
227.614858 5.529596 11.722607
195.494594 5.504112 11.941870
243.403737 5.558329 14.383423
234.082988 5.540933 11.175631
176.604013 5.467087 12.165499
106.497156 5.350238 18.546429
177.889650 5.456545 11.446310
233.384481 5.539868 11.598420
234.558977 5.541497 11.165621
194.360413 5.502979 11.977690
247.994872 5.554693 11.674562
248.134189 5.540958 11.403558
210.969359 5.517232 11.522753
229.260942 5.531710 10.803246
239.918610 5.546105 10.912072
162.951964 5.470754 19.008965
202.410823 5.378809 6.344514
232.513585 5.322351 5.395033
114.280772 5.317055 18.731380
218.498939 5.521644 10.762016
174.771295 5.266723 5.745408
215.860577 5.307360 5.524557
115.449733 5.318996 17.301646
105.945578 5.150185 6.143437
194.321448 5.502953 11.979656
192.059631 5.500984 19.903968
194.706690 5.503264 12.010620
194.921796 5.512062 20.470232
200.440424 5.510224 12.743826
221.178473 5.537517 21.307820
179.774757 5.476811 12.998539
228.304268 5.530521 11.677190
243.327382 5.543967 10.901639
111.839916 5.388833 23.006201
174.777657 5.267081 5.751790
210.312601 5.516269 12.066541
219.107064 5.331606 6.104924
203.081015 5.529269 15.166798
193.548912 5.501666 12.011757
237.890611 5.543306 10.930751
197.111787 5.504294 12.996491
209.836476 5.514119 12.747372
156.955300 5.408605 11.342961
211.221197 5.521530 11.912919
146.938302 5.391164 11.173558
217.380396 5.517973 11.613776
200.223500 5.508600 11.984064
227.670720 5.533224 11.178596
222.186945 5.526657 10.845954
217.815838 5.518679 11.585984
114.741290 5.318067 18.695052
198.206670 5.502183 12.779458
219.528890 5.332282 6.104781
201.245658 5.507865 11.850176
197.281468 5.498028 11.867821
199.813258 5.474177 10.458586
200.136190 5.508590 11.996545
225.777148 5.513983 11.816501
200.409952 5.516223 17.799980
226.173649 5.528980 11.201250
130.020076 5.169762 5.328592
216.193239 5.522407 11.201953
188.631981 5.504875 14.546730
195.930411 5.506586 16.925096
197.850254 5.505794 11.990817
200.138737 5.501329 11.912647
234.065770 5.540932 11.162853
199.731523 5.507748 13.279184
211.238840 5.517414 11.522937
249.318456 5.549096 10.889411
225.582694 5.531058 11.136309
223.908565 5.530538 11.243133
193.376698 5.502192 11.976668
244.967157 5.558616 21.770922
219.411252 5.526106 11.649392
189.696385 5.510626 15.221459
221.416885 5.525246 11.843928
209.303888 5.489460 11.569805
223.530130 5.544255 22.889339
196.904822 5.505016 13.453419
223.042628 5.529946 11.598394
178.075650 5.444227 11.416815
209.231215 5.489502 11.571808
209.635516 5.533149 15.317440
179.990706 5.455288 10.887293
172.435807 5.457443 11.817068
206.912320 5.296397 5.550862
179.320767 5.445605 11.649025
177.298222 5.452595 10.950399
207.391214 5.302112 5.675732
223.928716 5.530559 11.242973
168.800555 5.442161 11.704983
211.036759 5.516097 11.902231
179.344662 5.459466 11.170086
186.569159 5.495001 13.056089
174.000738 5.452228 11.015903
200.395129 5.500780 12.070296
197.928719 5.505867 11.978363
241.974032 5.542005 11.051808
165.079475 5.256294 5.758964
217.635077 5.523966 12.088866
185.056815 5.485391 12.023620
185.636733 5.296934 5.939708
223.434867 5.529516 10.923009
98.622340 5.145069 6.667988
221.281540 5.527084 11.218351
195.518888 5.480378 10.874353
162.840107 5.428196 10.707332
199.318944 5.328276 6.169673
221.172041 5.526931 11.216366
217.365348 5.520156 10.708599
223.992597 5.529059 11.848350
217.814313 5.518775 11.578160
222.047767 5.529018 11.615686
197.687641 5.471964 10.941929
232.167453 5.519646 11.354550
237.763334 5.543458 10.960214
225.583660 5.531051 11.130850
213.223513 5.516962 10.963422
186.848617 5.476859 11.452025
207.954874 5.515412 12.779140
193.822010 5.444527 11.693941
133.679556 5.446139 22.175771
238.808279 5.544104 11.230705
224.633895 5.525622 10.716819
241.742319 5.542333 15.012860
228.845151 5.535523 11.307013
214.939308 5.528556 18.333907
223.007355 5.529233 11.274771
109.544201 5.302889 12.153869
175.382505 5.457115 11.791174
193.585877 5.501712 12.006725
244.983580 5.552098 11.735665
114.740570 5.317404 18.643516
191.116971 5.463696 11.521122
196.567101 5.500663 12.846895
246.439455 5.547398 10.904897
162.883508 5.430069 10.823944
208.363058 5.515611 11.653236
217.693374 5.524044 12.094057
213.520200 5.517086 11.920886
220.849992 5.528013 11.268448
157.089546 5.219252 5.381033
241.253920 5.540452 10.730004
198.787430 5.522104 19.275266
194.316590 5.449436 11.772397
248.601918 5.541353 11.399288
221.403168 5.527748 11.650069
214.086449 5.519643 12.177840
219.326097 5.525992 11.651277
129.842434 5.169247 5.328594
200.079007 5.513293 12.173161
245.132030 5.553617 22.214256
186.208485 5.487310 12.823857
215.581075 5.325940 5.836088
208.310182 5.515566 11.655443
83.664659 5.273886 17.970983
241.456605 5.550139 11.136077
199.732719 5.509492 11.957816
231.515515 5.323661 5.478687
202.897849 5.511264 12.594226
231.489280 5.522390 11.837094
205.260533 5.520472 13.839681
222.158940 5.528305 10.897472
194.139022 5.466321 10.919294
191.090741 5.499766 11.758048
168.964477 5.444053 11.322265
183.682797 5.483150 11.395749
184.385982 5.454713 11.484218
216.207269 5.528016 13.212548
223.977525 5.525240 10.795654
121.954137 5.339177 19.404334
240.195080 5.539495 11.126261
107.437343 5.156538 6.253393
222.040297 5.526468 10.837033
155.354939 5.425604 11.715395
241.429485 5.550056 11.128370
226.775665 5.527940 10.799651
200.369436 5.499946 12.090971
201.909914 5.508760 11.910662
188.281462 5.485359 11.863052
226.427848 5.531812 11.240726
194.688326 5.506458 13.013618
99.884409 5.148857 6.720661
242.183497 5.541910 10.694892
248.826494 5.553353 10.496665
148.844235 5.400978 11.353924
216.911180 5.522067 11.701666
222.691178 5.528822 10.899612
112.572557 5.389089 19.535325
184.790366 5.485247 11.856286
245.983724 5.545108 11.352335
228.421065 5.645162 18.189956
197.924730 5.506340 12.828658
242.716650 5.542382 10.693076
219.050038 5.527005 12.369462
168.063012 5.441770 11.273980
105.831132 5.372916 21.140376
223.827907 5.525304 10.952546
199.710604 5.509469 11.933254
226.700753 5.528143 14.583555
232.566356 5.332921 5.972447
234.617786 5.541468 11.150396
238.613980 5.544249 10.946405
208.175939 5.311465 5.880029
214.072491 5.520737 11.840811
221.754624 5.525619 10.850187
224.164581 5.526362 11.180812
216.293454 5.521275 11.705148
187.791848 5.497205 18.256397
222.189293 5.529279 11.303705
221.371596 5.525649 11.128327
180.647718 5.475377 14.557867
171.476819 5.560721 13.196557
166.350471 5.438435 11.579926
174.091106 5.449408 11.474952
220.100147 5.536928 12.964413
243.009061 5.542617 10.930028
223.434240 5.528524 11.285993
115.840944 5.396986 19.875117
222.205926 5.527183 11.320417
222.070706 5.529193 11.343965
224.916704 5.528973 11.895323
193.851962 5.463250 11.341741
247.986694 5.541782 10.865154
222.316337 5.525969 10.947229
225.612536 5.527633 10.949532
224.014115 5.529087 11.854262
224.150581 5.639790 22.411680
203.308735 5.519670 19.304195
220.536678 5.528441 12.107453
219.735544 5.525695 10.699401
112.896117 5.388380 17.737381
217.434472 5.523565 10.862907
227.220680 5.531805 11.131851
188.457487 5.461040 11.831129
218.022715 5.541648 18.677266
189.090821 5.466526 11.421443
246.479524 5.546288 11.503643
212.628781 5.528246 13.438931
228.206743 5.532465 11.698110
140.443056 5.205085 5.711509
208.196741 5.515490 12.813099
185.687859 5.474078 11.447830
215.582172 5.325941 5.836084
170.690739 5.261984 5.735292
218.834574 5.529601 14.647853
238.473653 5.544070 10.946439
170.754480 5.450782 11.829992
167.858876 5.426796 11.403090
76.862851 5.099068 10.942125
179.374062 5.462677 11.708173
230.763924 5.534906 11.053372
186.796877 5.495869 18.078622
246.244897 5.545730 11.432040
199.793844 5.508266 11.953181
230.368445 5.534257 11.056865
209.670412 5.518854 11.246737
226.543770 5.531881 11.238815
249.420217 5.556388 11.704094
114.832137 5.317634 18.292347
228.182062 5.536306 18.597899
198.274702 5.506316 11.985820
225.640054 5.527640 10.945986
114.675051 5.317643 18.312916
219.677718 5.522285 11.719095
225.736670 5.283374 5.222164
222.419139 5.528688 11.335867
244.990107 5.558641 21.773190
209.641835 5.518833 11.246041
219.012740 5.535865 12.943491
241.374505 5.541889 10.811225
110.020084 5.384215 17.923561
248.163911 5.555218 11.826719
194.192386 5.465677 11.414187
242.848499 5.561723 12.647065
169.218205 5.442746 11.702116
168.480303 5.429129 11.444312
221.175960 5.527046 11.432717
169.263570 5.445924 11.030294
238.596563 5.536779 11.680948
217.840633 5.528075 14.340627
245.297723 5.552276 11.807799
158.187670 5.411850 11.372936
175.002902 5.465340 12.747557
191.246524 5.500056 11.812416
223.676522 5.342819 5.941018
223.538445 5.528788 11.228748
99.673939 5.148797 6.732853
186.208189 5.487000 12.838274
205.490731 5.514778 12.612260
199.221278 5.508058 12.804971
222.275666 5.528664 11.630392
111.252931 5.154657 6.048306
225.489704 5.531166 11.728171
238.557781 5.544324 10.942721
181.770994 5.458482 10.927150
220.190408 5.538122 12.990372
168.283921 5.446834 11.876671
191.682769 5.501543 19.904958
223.828334 5.529271 11.226555
184.186816 5.452933 11.515924
167.917428 5.446296 11.880673
187.847552 5.497291 18.253805
230.630680 5.325273 5.647964
228.438509 5.532634 11.723071
174.841384 5.438326 11.447456
128.629173 5.206825 6.220565
191.526380 5.291669 5.782073
221.593518 5.527856 11.612015
181.430317 5.493118 11.212176
197.047432 5.505345 11.245616
107.240375 5.377260 20.144304
223.816491 5.529324 11.220499
190.857505 5.502021 12.050303
160.734563 5.450177 11.714287
223.627542 5.331984 5.865265
189.049244 5.466452 11.421377
190.942957 5.489025 11.749983
174.196113 5.232752 5.139126
194.205239 5.465522 11.533376
186.529252 5.495307 19.347828
223.495316 5.526711 12.999564
201.670838 5.515335 16.287076
186.657473 5.495739 18.098124
166.371724 5.444235 11.798207
153.456204 5.421846 11.578316
191.267494 5.490168 12.086732
197.798821 5.506119 12.792018
