240.552002 5.544505 10.912856
197.715267 5.506045 12.008715
111.737422 5.311446 17.451527
200.050282 5.485468 11.694643
181.899520 5.490461 18.422130
218.531083 5.523665 11.998847
236.241951 5.538774 11.996273
104.964131 5.285742 18.681401
238.538600 5.536866 10.858402
185.760526 5.484921 12.915708
200.207749 5.495097 13.390600
205.023450 5.514772 12.619560
99.952284 5.274820 17.031876
219.369163 5.524385 11.595867
209.203291 5.481937 12.001163
135.762506 5.416250 15.952524
239.985395 5.548644 11.877408
118.194597 5.406231 17.054589
193.072463 5.474757 11.658213
200.739289 5.495652 13.412806
106.498262 5.292838 16.920638
186.112189 5.494724 16.587173
197.451861 5.501222 14.177228
221.874735 5.528291 11.232408
237.614053 5.529540 11.729032
169.930616 5.465754 12.603778
230.098023 5.532714 10.918089
230.390251 5.549248 12.853034
196.282404 5.505127 13.419928
233.292928 5.538894 11.725697
118.971779 5.402898 19.967981
137.384543 5.385453 11.787430
141.269701 5.437697 21.642852
167.153278 5.479532 15.381928
193.151486 5.473648 11.457910
195.334779 5.509065 14.931127
197.523019 5.500876 14.441463
212.009250 5.514002 10.785007
219.283408 5.524286 11.594703
235.237351 5.538482 10.875989
95.152973 5.314234 22.759999
225.545971 5.531492 11.060512
200.704736 5.504995 14.047446
198.923113 5.509128 12.704053
195.741313 5.502633 12.924861
159.303864 5.429643 11.370374
237.751133 5.556965 13.011889
203.654677 5.518119 19.439576
242.188113 5.553726 18.338604
134.496294 5.414409 16.089132
235.942675 5.538436 11.174017
14.533972 4.234915 11.742285
118.910588 5.329895 18.079104
169.615452 5.447671 13.267742
171.558283 5.482917 14.930495
237.349110 5.555518 12.902465
170.039549 5.449253 13.226910
119.727711 5.405650 23.766073
162.613025 5.475204 15.452402
186.608912 5.470940 14.947485
144.098641 5.399574 10.694681
246.828322 5.554776 11.499229
221.052235 5.544260 19.600758
118.604491 5.404011 23.857967
183.775545 5.453958 14.228122
221.232901 5.527093 21.758804
200.184710 5.507982 21.713028
227.617689 5.529918 11.763012
180.106548 5.477061 12.783213
201.066421 5.504721 13.987927
238.211582 5.542517 11.035674
108.130148 5.297333 18.083359
227.746603 5.536516 12.010601
221.393709 5.526464 11.845818
235.026651 5.535561 11.524693
213.919456 5.517174 10.687548
195.187517 5.519850 13.007529
207.698007 5.515670 14.226521
200.098422 5.520856 15.497457
233.477387 5.541159 11.245734
244.190744 5.555990 21.976753
189.811328 5.501995 17.886638
220.311723 5.540102 22.084724
214.028846 5.523853 12.082170
180.818972 5.497432 15.404339
177.654868 5.455952 11.314749
226.647829 5.536259 12.122755
191.660338 5.508112 16.671977
229.038451 5.534011 10.994015
237.692695 5.555984 12.882553
189.532927 5.506967 15.103625
241.842851 5.534351 11.537940
178.149758 5.493598 15.414336
234.033838 5.526244 11.391443
238.027212 5.536378 11.621732
200.433492 5.508411 21.694087
226.951372 5.536210 12.080143
141.421284 5.387013 11.471861
204.242416 5.511109 11.923992
189.765495 5.507327 15.454264
172.733767 5.446539 11.526077
200.646721 5.492554 11.513966
241.875687 5.541232 11.561826
179.720236 5.458736 11.355090
116.604482 5.400704 20.358631
127.407779 5.393394 19.552803
135.231303 5.384003 13.544463
213.596789 5.527558 18.826747
242.836281 5.541517 11.463250
209.554850 5.514364 10.952749
182.423428 5.460621 10.877558
219.862381 5.524099 10.903659
192.855037 5.535728 17.650210
203.268033 5.513563 12.083857
232.765041 5.537031 11.680952
154.946959 5.459954 20.545996
220.271170 5.528903 12.993886
194.848570 5.519606 14.263036
209.009373 5.527019 13.013653
247.045045 5.559140 22.567621
113.273216 5.314467 17.236382
240.274928 5.543944 10.838496
115.120923 5.321428 18.373233
248.900305 5.555794 11.703859
249.639706 5.570064 12.438211
241.045357 5.541315 11.487599
211.070273 5.522042 18.808939
171.971385 5.448672 11.402868
185.622842 5.469757 14.957967
229.468584 5.534363 10.968711
244.787799 5.549968 10.955908
211.837943 5.537849 20.155647
178.359677 5.449675 11.548008
118.064376 5.402057 20.117720
244.885938 5.544696 11.020014
239.663501 5.554081 20.950068
148.192655 5.407962 12.208137
221.999949 5.525449 11.170947
208.796220 5.514383 11.272129
208.670211 5.524593 12.174056
178.462229 5.493786 15.390653
238.058131 5.543207 11.211904
181.410102 5.463470 11.261024
221.564012 5.526560 11.906065
218.909381 5.523375 13.002121
166.674993 5.441370 10.867297
236.391088 5.539447 11.182048
207.156215 5.515262 11.285732
242.125166 5.540291 11.109865
218.834872 5.523285 13.000343
229.568887 5.534945 11.210699
211.385337 5.372213 8.814177
113.298453 5.176649 8.015300
243.953726 5.544763 10.896977
239.765977 5.549007 10.962270
200.501899 5.503144 12.978118
237.350848 5.541076 10.946969
213.743982 5.519319 12.172694
205.789318 5.504609 11.172023
104.751043 5.371169 19.298260
219.217003 5.523298 11.633855
202.694171 5.494738 11.079358
198.735443 5.488160 11.278679
216.854272 5.529428 24.656289
180.360479 5.461295 11.602088
220.347490 5.525910 11.483966
100.997758 5.271806 18.801745
228.224412 5.532772 11.222290
226.716111 5.530174 13.062891
159.526599 5.432779 11.692719
74.303638 5.237753 19.028631
238.490213 5.546042 10.937964
172.716746 5.453444 11.657230
193.554518 5.502467 23.832281
196.345964 5.504969 12.925872
223.182869 5.528578 11.345585
153.240499 5.469014 19.024245
241.962993 5.540354 10.714294
225.823912 5.645008 20.848030
172.398297 5.453796 10.801886
215.234495 5.521012 11.599084
159.986872 5.418231 11.339563
235.268709 5.541741 11.615790
113.359721 5.391836 24.782904
223.589522 5.529066 11.239244
248.703300 5.544359 11.028006
230.134866 5.534976 10.928763
50.362493 5.044352 18.323606
199.493303 5.489082 11.269714
221.394493 5.538654 18.636491
239.247632 5.546450 10.830903
135.131987 5.449463 20.668421
235.480827 5.541835 11.609227
154.976634 5.562797 15.379906
72.219662 5.062503 8.401969
184.180928 5.469173 11.417428
97.609824 5.322923 15.670514
184.694550 5.453852 11.573645
181.398496 5.495973 15.482203
46.093885 5.008843 17.577414
149.964479 5.454742 21.476815
232.622837 5.532342 10.926928
58.100929 5.094517 11.515138
82.119990 5.207354 17.726885
171.647419 5.432904 11.373644
201.013991 5.514588 13.207018
159.248188 5.430388 11.490304
235.707066 5.535337 10.948237
203.082834 5.515521 14.184783
192.912666 5.480297 10.920556
177.499881 5.462525 11.974189
243.940145 5.547100 10.812334
189.751232 5.507306 15.454249
236.969569 5.537279 10.905065
242.361966 5.549465 11.112553
158.630886 5.422672 11.255622
236.698251 5.539120 11.251431
44.179073 4.997775 17.500935
249.461280 5.544702 11.009525
171.188081 5.450773 11.500208
162.238871 5.436886 11.449917
226.709379 5.530376 10.877015
221.564743 5.539192 18.848066
184.336509 5.490646 16.869357
230.823689 5.537497 11.157135
236.869779 5.537211 10.905854
116.370646 5.325195 18.961057
237.108735 5.542382 11.276679
156.245617 5.413137 11.271875
200.643673 5.480323 11.485341
114.856243 5.182295 8.074117
155.841494 5.412544 11.282922
191.466360 5.499679 24.263544
244.197409 5.544902 10.881772
217.645941 5.536872 20.359196
204.374881 5.511215 11.932383
181.583890 5.487962 20.348920
112.428449 5.389806 22.139539
116.156475 5.400171 20.394826
204.555386 5.513783 12.749117
94.074317 5.313528 23.066853
115.195339 5.319359 18.431582
111.176784 5.387921 19.622719
207.124135 5.515689 12.542232
213.459107 5.518586 12.957680
228.035639 5.533822 11.307385
168.681227 5.463834 13.059112
235.861587 5.547814 12.117157
181.669262 5.497958 15.164973
229.938335 5.535705 11.331777
169.917307 5.444577 11.349298
206.198606 5.512135 12.584295
171.730707 5.433065 11.373340
114.846617 5.318191 18.440674
110.710997 5.386767 19.018260
211.757306 5.526655 12.058532
230.119551 5.532682 10.840487
240.756550 5.538511 10.725616
236.247015 5.541756 11.337320
223.900037 5.531636 11.328975
233.876972 5.526271 11.389391
234.606307 5.528126 11.457240
162.199501 5.436926 11.381268
226.898586 5.529247 11.245757
228.232445 5.533799 11.306359
171.744448 5.433065 11.372981
234.329017 5.546121 12.081333
235.519776 5.542205 11.594496
244.365471 5.546915 10.827525
47.675909 5.014683 17.533392
107.123105 5.375295 19.125186
111.935262 5.389088 19.577997
236.028031 5.535907 11.317500
202.480659 5.517698 13.040390
215.557052 5.520008 12.064433
115.139253 5.318727 18.423527
172.424874 5.451066 11.544650
249.090240 5.555974 11.709501
237.143662 5.540952 10.950014
235.539897 5.542125 11.621279
177.356822 5.455599 11.569457
171.525034 5.432782 11.371738
195.074185 5.484088 11.029745
211.156440 5.370714 8.795197
117.203877 5.402343 24.045182
232.567916 5.537824 11.225652
196.442572 5.505074 12.893225
198.126477 5.511617 12.897458
189.789555 5.501987 17.900905
200.714527 5.510088 13.045054
200.236584 5.508319 11.501871
232.807791 5.538026 11.214736
220.678936 5.524370 11.150848
113.500904 5.391935 24.750351
157.264163 5.474580 16.827295
186.071685 5.470306 10.833940
81.419090 5.205520 17.751034
217.145697 5.532168 23.074469
115.985725 5.323173 18.793031
116.274596 5.396089 19.258013
153.673302 5.414862 11.669892
231.203987 5.534436 23.420624
221.856122 5.534122 18.032511
190.801425 5.507060 17.553685
220.271231 5.525510 11.187561
181.304418 5.462528 11.300031
198.695728 5.507162 13.037967
244.965300 5.548312 10.844463
184.851925 5.465738 10.924316
220.503970 5.525914 11.194070
192.739248 5.466689 11.364582
246.505725 5.549474 10.759719
203.655676 5.518130 19.442368
206.552386 5.511985 11.276339
201.937540 5.482897 11.811162
159.663475 5.415727 11.215641
191.710870 5.508188 16.664943
201.849513 5.482774 11.816179
185.911792 5.470386 14.925910
225.339397 5.641607 20.956511
195.355383 5.504164 12.953948
243.298443 5.545767 10.804125
191.752532 5.477691 11.384354
204.576194 5.510787 11.832462
233.984653 5.540724 11.582223
162.273587 5.437003 11.381921
235.591842 5.541704 11.718230
115.325018 5.396102 21.100431
232.817278 5.538039 11.215415
196.711973 5.509590 12.930716
210.147846 5.515221 11.273368
182.885680 5.465304 11.192108
203.913716 5.518707 12.960307
111.802487 5.388703 19.661251
189.283069 5.497189 24.871024
184.998829 5.466223 10.927755
220.686042 5.524308 11.149092
229.626000 5.533960 11.237218
182.065945 5.460937 10.717174
196.887267 5.504458 12.007986
169.703720 5.444216 11.426823
89.216928 5.305453 23.519157
172.261393 5.469678 13.042713
142.356470 5.399604 13.136946
229.527643 5.533861 11.247960
200.236162 5.508319 11.502891
211.307842 5.370328 8.778664
182.126035 5.487848 24.632159
248.883594 5.555890 11.736931
169.727217 5.445293 11.457331
158.821525 5.475579 16.906300
246.814471 5.558788 22.531372
121.084008 5.209823 8.436518
249.467766 5.544705 11.009331
161.857537 5.435283 11.375565
222.642179 5.537319 20.647750
220.675906 5.524297 11.149186
223.757820 5.538966 19.498527
151.478195 5.403971 11.234445
201.867039 5.482731 11.813516
223.239538 5.530523 11.302737
229.561873 5.533817 11.224594
193.992609 5.502999 12.947970
233.688156 5.540609 11.211823
168.315619 5.447977 11.579102
233.846672 5.540695 11.152678
168.346707 5.443828 11.375523
116.145302 5.323357 17.957739
221.059095 5.524606 11.137430
184.508102 5.469914 11.547765
248.045513 5.554979 11.728845
220.684197 5.523744 11.004154
225.641103 5.533048 11.824038
218.843387 5.522237 11.037089
192.710374 5.496976 14.149954
115.235985 5.318927 18.416247
197.054214 5.504603 12.002222
211.594180 5.517721 12.047168
248.788558 5.555664 11.695706
226.751631 5.534241 11.853280
117.769853 5.402910 23.931296
172.240295 5.469641 13.036027
158.621022 5.428590 11.318345
218.508343 5.531215 24.906020
221.876181 5.528293 11.232331
219.343658 5.523153 11.033750
217.815657 5.520375 11.147104
213.388021 5.519370 11.875411
210.185568 5.515277 11.276173
203.865426 5.509449 18.854275
222.330911 5.526880 11.135061
150.009846 5.454802 21.471404
217.874152 5.520492 11.146351
191.962444 5.500717 12.211536
121.044755 5.209593 8.432964
176.388381 5.458012 11.374656
113.833497 5.392967 24.204850
14.689383 4.235999 11.741821
217.144855 5.532165 23.073296
235.516305 5.542151 11.593974
230.247754 5.532562 10.935996
179.695315 5.464332 10.898234
237.110432 5.542384 11.276725
215.928606 5.520372 12.047315
236.980162 5.539416 11.241133
58.149088 5.094724 11.517383
175.910604 5.452507 11.410714
222.256913 5.527634 11.188774
230.572650 5.532464 11.151167
113.720245 5.392615 24.390600
84.176016 5.104767 8.212759
172.289656 5.469644 13.042850
217.693656 5.520361 11.149090
229.962743 5.536795 10.650582
222.860848 5.537236 17.963427
217.196542 5.520038 11.035091
214.280164 5.517714 12.014609
199.996352 5.520633 15.585921
94.594502 5.314067 22.550861
237.438602 5.541206 10.942663
113.719257 5.392612 24.392221
195.837355 5.503684 12.030883
232.414166 5.549177 19.975957
190.422523 5.475734 11.404052
183.802788 5.453966 14.238595
170.548303 5.449889 11.310331
229.334197 5.532036 10.887830
161.946717 5.450637 16.937805
168.942768 5.449418 10.796416
234.123896 5.540830 11.585305
249.449525 5.544765 11.026640
235.478216 5.542496 11.132631
235.761537 5.541902 11.609487
115.012802 5.318055 18.396639
186.498374 5.495114 12.861833
242.172764 5.549433 11.832031
215.302092 5.523717 11.271764
230.419852 5.532797 10.934209
114.074189 5.394688 21.240970
205.401142 5.489137 11.740486
135.125784 5.449457 20.669011
153.984449 5.415346 11.668105
115.451003 5.399637 20.493341
116.204538 5.400301 22.722393
178.490618 5.461231 11.350619
168.862118 5.447014 12.040245
215.991614 5.519715 11.008037
193.958526 5.502982 12.995132
215.465358 5.519457 11.746413
220.295996 5.523898 11.632381
246.802503 5.553659 11.716498
107.585306 5.297270 17.659399
118.712537 5.404333 23.873456
243.476683 5.555148 22.228888
190.298622 5.498117 24.577289
183.951402 5.468652 11.325991
183.917447 5.463296 10.723361
193.975442 5.502990 12.971724
236.114882 5.543251 11.145614
245.818751 5.552666 11.726797
240.500852 5.554315 21.230889
174.704039 5.438873 11.347284
244.384359 5.544997 10.870446
175.372508 5.456142 10.823537
234.180304 5.540836 11.584285
249.537056 5.544806 11.024125
120.960239 5.209299 8.422156
237.388487 5.555699 21.115536
195.784677 5.503703 12.050936
183.737663 5.463400 10.730966
233.758532 5.527733 11.484595
235.507364 5.542467 11.158584
195.339001 5.503278 12.054661
116.573521 5.324180 17.931432
226.661992 5.534016 11.354263
190.695679 5.466184 11.465228
215.277096 5.521052 11.598468
216.429165 5.520136 11.023189
222.045213 5.526571 11.152660
112.428102 5.389805 22.136471
229.374162 5.536787 10.813091
231.508025 5.525631 11.367855
173.091315 5.472394 13.576522
115.416062 5.319024 18.150813
168.289737 5.447917 11.611403
222.119791 5.529186 11.222019
161.534027 5.425259 11.284927
248.684334 5.555559 11.696797
180.871843 5.486657 17.655028
118.041713 5.403590 24.045806
227.183537 5.533010 11.136476
235.491242 5.541659 11.747478
185.891753 5.470358 14.924083
99.456107 5.265740 17.963136
234.486884 5.526917 11.486666
229.787279 5.535771 10.904767
128.375597 5.419993 16.657394
243.009762 5.551017 11.387152
170.707805 5.462238 12.972094
230.049308 5.532285 10.935107
229.380167 5.531947 10.869957
106.553322 5.361707 21.073121
199.879002 5.520568 15.598387
121.049285 5.209553 8.424083
115.281519 5.396703 20.308468
245.930894 5.552764 11.675438
203.963308 5.518787 12.962152
161.784462 5.425697 11.285960
180.869651 5.486655 17.655705
107.446398 5.373784 21.464465
134.758996 5.448411 20.636475
219.768587 5.526280 11.173548
192.817753 5.535723 17.652542
84.644669 5.213764 17.612952
199.434408 5.489043 11.276060
218.911733 5.525472 11.199985
213.788267 5.518036 11.590017
166.098226 5.462485 19.491984
193.979400 5.502994 12.971539
174.245186 5.455078 11.408216
243.172814 5.545665 10.807380
224.386557 5.531227 11.222256
243.769279 5.550580 11.684471
241.755022 5.544180 10.828233
221.531663 5.527748 11.180874
217.996771 5.534072 12.230621
244.019757 5.546575 10.784028
229.319189 5.533711 11.210189
223.922054 5.530632 11.238256
164.988438 5.461633 14.314681
111.021502 5.308775 17.951741
231.560203 5.523281 10.879338
57.863575 5.092669 11.688933
229.839612 5.535834 10.910057
160.898352 5.471214 15.563900
245.628603 5.553636 11.347821
230.052058 5.532289 10.935078
183.725347 5.491192 15.628117
221.086798 5.527287 11.166686
233.265258 5.539813 11.603186
195.695896 5.503612 12.044928
180.807307 5.486575 17.652572
221.013310 5.527306 11.229832
47.353846 5.013578 17.532559
245.142354 5.551570 11.672976
221.278556 5.527986 11.452325
46.555198 5.011195 17.686605
221.086156 5.527287 11.166632
168.920820 5.442338 11.379987
221.225094 5.527397 11.166909
111.173133 5.309266 17.934624
186.626894 5.484395 12.803222
244.281388 5.544879 10.874773
221.881167 5.528614 11.423539
237.277023 5.539638 11.226238
186.029288 5.494479 12.859139
110.671319 5.308174 17.981805
215.461180 5.519452 11.746624
230.837718 5.536459 10.907619
181.903849 5.360566 13.764233
195.693705 5.483744 11.418127
168.921881 5.477714 15.093363
231.578529 5.535634 11.216152
248.643865 5.559009 18.301622
237.387058 5.541155 10.943301
110.709329 5.386765 19.018261
108.111866 5.172936 8.124700
242.428807 5.544185 11.029626
213.077217 5.517276 11.588135
169.238767 5.477512 15.085102
231.683042 5.535819 11.214058
228.861876 5.528254 11.255542
235.928470 5.538195 11.211137
114.775774 5.397456 20.824344
243.459929 5.555130 22.225604
172.324352 5.451530 11.830851
230.615937 5.532509 11.150098
212.690211 5.516501 11.674666
235.897874 5.538172 11.216804
203.659390 5.518132 19.442050
167.401576 5.476127 15.203482
199.389571 5.507827 12.894267
222.163837 5.527515 11.193629
238.713053 5.538610 11.035501
175.475298 5.456908 11.346285
175.588690 5.470586 12.968542
184.836701 5.485056 12.939682
219.186867 5.524098 11.641566
210.302186 5.514777 12.139634
245.054111 5.551480 11.671013
228.113659 5.534313 11.212490
184.818821 5.485036 12.940318
231.202300 5.534432 23.429455
229.976397 5.536808 10.654521
107.214348 5.373149 21.526779
225.939202 5.531193 11.197200
186.040233 5.494492 12.863582
116.415326 5.399176 23.927253
166.482541 5.434613 11.283674
200.710581 5.507263 21.526607
207.155445 5.515262 11.285523
234.588284 5.538014 11.637517
214.554950 5.518415 11.679785
221.189085 5.527471 11.225441
161.825726 5.424678 11.540314
232.473830 5.538064 11.231183
157.475507 5.474450 17.043511
237.368651 5.541168 10.945410
226.435662 5.531092 11.237300
221.176303 5.527449 11.226064
110.660641 5.384227 21.206628
219.186088 5.524096 11.641536
223.398735 5.529949 11.258913
199.906160 5.520636 15.597871
155.466645 5.415886 10.663815
217.200399 5.520940 11.020622
203.677587 5.518623 13.035533
170.056136 5.479167 15.047506
203.715714 5.518532 13.012353
210.465487 5.514902 12.141567
233.874225 5.526268 11.389389
248.711570 5.550852 15.011512
111.940393 5.388826 19.010939
178.346334 5.463183 11.995214
116.968762 5.400593 24.671269
249.509961 5.544806 11.023846
230.940249 5.533863 10.937878
168.302569 5.447934 11.613818
249.085856 5.561299 23.472373
186.808419 5.484816 12.793719
187.647204 5.485745 12.755816
226.157030 5.533279 11.337837
126.263456 5.368840 13.166715
110.795709 5.383332 18.966550
239.470322 5.545525 11.161574
235.277403 5.539149 10.902957
215.921810 5.520561 11.633843
184.238285 5.464027 10.702379
238.711399 5.538609 11.035312
218.021247 5.521476 11.009695
100.277976 5.358844 18.402053
219.619051 5.524862 11.189080
249.080964 5.561292 23.471635
161.599184 5.478994 16.786188
170.176831 5.479279 15.037861
172.705255 5.452997 11.363419
209.905466 5.525987 14.257159
187.518687 5.497002 18.097560
117.853722 5.403139 24.086411
232.639552 5.538889 10.908078
204.482461 5.508957 13.556705
172.289652 5.469646 13.042967
215.739471 5.519988 11.724693
187.620251 5.497098 18.172513
178.174582 5.492575 15.434930
212.092643 5.514158 10.784325
241.793664 5.548890 11.144353
209.837998 5.525849 14.252423
109.793162 5.381169 20.778382
231.860805 5.537946 10.924720
230.583802 5.532470 11.150363
215.918339 5.520550 11.635573
174.199924 5.456508 11.600003
202.684324 5.495630 11.263478
216.537136 5.521326 11.628079
211.131340 5.510874 10.974332
231.417836 5.538706 11.152244
224.963497 5.532132 11.595649
190.583181 5.465961 11.436250
229.773901 5.532199 10.855606
235.156020 5.538863 11.330322
195.334522 5.475226 11.410573
184.558536 5.453616 11.538972
171.553019 5.450256 11.825210
238.716502 5.538617 11.034949
233.947295 5.540873 10.893642
233.656188 5.536339 11.212986
193.940000 5.502946 12.970573
232.212767 5.536240 13.943497
229.605870 5.531927 13.764447
228.857057 5.536728 11.232162
248.557934 5.550691 14.919436
113.394459 5.392223 24.427771
223.630176 5.530219 11.243118
175.305070 5.456717 11.630090
181.728222 5.488199 20.356907
241.529018 5.551119 17.773522
177.515331 5.460089 11.034491
186.467960 5.495358 18.599710
225.442823 5.528705 13.344699
231.076758 5.535343 12.337053
195.377525 5.504201 12.885735
221.802201 5.527283 11.204123
233.375035 5.537324 12.149889
109.671287 5.177293 8.122823
184.781414 5.484935 12.967785
161.676236 5.426025 10.766124
230.006323 5.536823 10.661431
200.791550 5.507385 21.554095
174.242550 5.455075 11.408236
230.120936 5.531876 11.164345
247.288370 5.545785 11.143448
114.082285 5.396125 20.576195
246.402219 5.557844 22.166603
192.425696 5.477580 11.169166
186.240705 5.494945 18.594049
241.193892 5.538989 11.464986
198.495747 5.487668 11.270053
230.479683 5.533641 10.925293
175.770500 5.457410 10.965830
117.992674 5.403111 18.367682
232.827463 5.538043 11.214957
247.956472 5.536942 11.782351
109.811284 5.381034 20.769599
231.142020 5.534364 23.613922
229.975253 5.536781 10.666660
226.167805 5.644602 21.104808
175.697838 5.457299 10.986868
184.968398 5.483494 12.863033
234.557928 5.541628 10.863620
198.536077 5.502696 11.785908
83.304342 5.102261 8.197239
89.230915 5.243502 17.850340
242.878363 5.533728 11.811983
121.981203 5.415229 21.717837
228.402323 5.535911 11.248819
184.792274 5.484950 12.966904
237.000528 5.546834 14.059747
229.258778 5.536989 11.242649
238.730146 5.538620 11.034657
209.896131 5.520597 20.608170
198.847781 5.488160 11.266921
237.492244 5.530732 11.735860
116.143131 5.398411 23.936380
109.884011 5.381699 20.496149
199.133265 5.488590 11.271369
231.652397 5.523389 10.879073
114.005371 5.315336 18.151812
176.914366 5.459089 11.014299
112.172226 5.389616 19.180358
230.800369 5.533907 10.966314
232.612803 5.523949 10.781685
112.532071 5.311761 17.607938
222.130642 5.529123 11.592408
237.700075 5.535080 11.031263
184.463708 5.484261 11.555504
223.457009 5.529973 11.252760
235.810815 5.541633 11.629769
184.303374 5.490615 16.872649
187.510394 5.495418 14.737292
235.795798 5.541635 11.631300
217.377498 5.519244 12.659719
183.733983 5.480351 12.936656
223.533921 5.551523 15.041896
234.170144 5.540679 11.137857
117.199653 5.402048 18.356442
246.808223 5.556150 18.328750
232.812610 5.538025 11.216056
185.529906 5.469884 14.950301
230.094494 5.532488 10.930380
228.973496 5.536997 11.520235
115.346485 5.397317 18.361437
188.075371 5.461826 11.521653
234.878169 5.540291 11.633283
212.017201 5.514056 10.781063
248.554440 5.550687 14.919248
195.808693 5.483811 11.308073
179.170003 5.475845 12.983918
236.272958 5.543275 11.151497
232.299492 5.535045 11.327588
72.299602 5.062989 8.414929
213.384966 5.518761 12.197275
185.220463 5.492332 24.232189
223.154660 5.531564 11.644633
160.980677 5.478703 16.921057
232.093359 5.537213 11.239980
246.421072 5.557868 22.175004
223.810935 5.532667 11.634324
216.839245 5.519951 11.250174
116.792680 5.400594 19.381017
174.503770 5.455603 10.916897
237.434242 5.541253 11.324141
213.025559 5.504690 11.522026
116.977610 5.400889 19.341752
112.809420 5.390600 23.669202
215.607336 5.519807 11.601598
237.367653 5.541167 10.939646
234.577342 5.539958 11.590797
178.950680 5.475727 12.808516
198.521531 5.495830 11.751259
171.043634 5.450142 10.959739
174.822478 5.469368 12.928764
214.986474 5.520853 12.205789
221.382733 5.528866 11.623248
180.054205 5.493909 15.401628
228.971462 5.536997 11.522215
232.273104 5.538684 11.163666
225.000431 5.532180 11.394589
168.294901 5.447922 11.613880
207.159833 5.515291 11.297783
187.521487 5.496679 17.748810
213.528760 5.501902 11.745250
233.844870 5.537827 10.946212
221.526403 5.527897 11.611860
178.204185 5.479720 11.899279
192.915828 5.501554 13.024970
169.104623 5.441634 16.830590
160.813232 5.434392 11.350404
187.694504 5.461186 11.527013
239.285206 5.545253 10.951668
230.352278 5.532192 11.154377
246.818733 5.558321 22.331426
114.983004 5.317442 17.419832
53.966859 5.043363 11.640412
181.944698 5.481737 11.579681
237.599888 5.545327 10.939772
237.223298 5.542636 10.960474
235.084415 5.541813 10.934519
112.958647 5.391220 18.367873
183.335072 5.480130 12.978848
221.877974 5.527360 11.201636
239.059800 5.531593 11.346279
220.016508 5.525411 11.247188
235.096427 5.541826 10.933177
169.452256 5.449887 10.958937
222.411834 5.527158 11.948313
223.975995 5.529031 11.133240
210.924900 5.519869 23.439017
230.154598 5.535373 11.246271
209.329386 5.518582 24.450666
132.243799 5.371029 11.184969
245.119205 5.546697 10.797877
192.711165 5.501338 13.066568
207.469192 5.514769 13.170754
178.479558 5.463325 11.993612
239.882428 5.532311 11.342918
214.848710 5.522908 20.696486
205.463809 5.512047 21.689051
219.912618 5.524440 11.072946
174.509661 5.455611 10.914908
233.821098 5.540626 11.145525
192.137191 5.496523 11.903768
232.507355 5.537079 11.652764
202.924578 5.509624 22.630007
232.101838 5.538257 11.051527
233.876880 5.526267 11.388523
150.730651 5.413726 11.942092
235.150200 5.538703 11.427592
115.250668 5.318106 17.343896
248.701383 5.550898 14.971882
239.826448 5.532529 11.334866
242.743711 5.536134 11.331943
230.941486 5.537203 11.141466
214.386572 5.537142 19.319183
245.481355 5.553941 11.165168
134.806746 5.448538 20.637636
151.050117 5.414202 11.938466
232.284861 5.538267 11.051061
221.859588 5.527341 11.201902
184.595390 5.465735 10.942207
116.732864 5.400517 19.386523
172.388584 5.452060 10.965913
226.922516 5.532503 11.125398
203.448938 5.510800 12.777407
245.799097 5.539655 11.506017
219.955730 5.524504 11.075801
192.543747 5.501795 13.008589
112.742210 5.389929 22.750018
113.184739 5.312973 18.404033
111.772208 5.183139 8.103569
180.061597 5.493920 15.401644
234.593951 5.539975 11.590344
100.282430 5.358855 18.402801
238.365029 5.536036 11.379030
243.480485 5.551621 11.118148
156.046790 5.416870 10.674732
214.650794 5.536886 19.094527
123.899211 5.374063 11.887711
221.961389 5.526664 11.980759
233.399192 5.532976 11.429158
222.507198 5.528030 11.190664
240.466489 5.541076 10.938502
239.245878 5.546550 11.214247
225.756326 5.641991 20.932368
125.748082 5.347063 16.207408
201.191221 5.507670 12.584608
181.179671 5.465124 11.387233
230.579441 5.535867 11.256736
233.013512 5.533077 11.388912
110.958534 5.385622 20.028529
237.028927 5.544191 11.215302
213.753068 5.501383 11.689147
158.460314 5.428692 11.798989
222.014887 5.526699 12.000937
246.985575 5.558867 23.724457
231.697645 5.532103 11.410394
183.277931 5.479986 12.978216
198.280342 5.504877 12.716133
114.091271 5.396133 20.568585
197.544441 5.523145 20.631991
47.587735 5.032100 18.260540
222.076987 5.526867 11.898730
240.619328 5.541195 10.930522
184.233873 5.486104 13.486899
182.825004 5.466585 11.304706
195.895079 5.504300 12.083319
210.170732 5.514400 12.115211
111.284905 5.386247 20.954990
235.300509 5.542819 23.791178
194.989341 5.500924 13.886649
229.260124 5.537019 11.245325
172.930743 5.452967 10.952876
239.242207 5.542685 11.314950
163.137459 5.417757 11.240864
175.580578 5.470535 12.906682
114.976207 5.317966 18.399278
220.112159 5.524664 11.051351
234.635505 5.539980 11.589942
229.188988 5.526414 11.502195
114.906662 5.395333 18.552640
241.895665 5.548994 11.143230
241.917722 5.549024 11.143019
221.940806 5.526626 11.927195
158.175606 5.428214 11.815637
114.868229 5.395235 18.555696
219.570246 5.525038 11.249642
156.011015 5.416813 10.674515
114.568077 5.394938 18.589676
216.719373 5.528873 24.861441
173.051044 5.454341 11.501675
238.756662 5.546532 11.124491
222.175662 5.525197 10.993313
237.537550 5.530760 11.735457
227.151382 5.532745 11.118775
149.589286 5.426284 12.903301
213.867812 5.495387 11.541930
211.070031 5.522039 18.807763
220.178568 5.525437 11.246944
114.973249 5.317959 18.399583
220.180432 5.534303 24.143795
163.801977 5.434026 11.766631
166.368425 5.440127 11.418002
200.696716 5.492636 11.513064
215.914345 5.539576 18.870288
111.263851 5.391582 18.990140
185.338782 5.470763 11.499519
240.381812 5.544530 11.315830
221.170200 5.524139 10.971513
239.725474 5.539516 11.020878
232.652324 5.537816 11.213351
173.257526 5.455265 11.550232
113.465378 5.313781 18.317779
237.181372 5.542594 10.961532
184.242100 5.464034 10.702389
199.550859 5.500772 12.173561
171.379122 5.467916 13.080819
164.130254 5.438204 11.467457
237.609299 5.539943 11.526135
220.168502 5.525425 11.247010
197.194355 5.486337 10.922247
185.764310 5.466138 10.714582
235.282768 5.542846 23.745809
222.323392 5.527277 11.739954
112.067955 5.389054 20.688834
163.425043 5.435486 11.331287
114.096008 5.315545 18.312492
210.687724 5.514802 12.115075
214.006415 5.518983 12.097647
215.255642 5.520158 11.812530
239.745042 5.539559 11.022156
110.821515 5.388414 19.472922
164.850186 5.436606 11.335212
209.702122 5.514463 11.866105
189.772689 5.495835 14.333033
207.323054 5.512011 11.955628
181.281195 5.462453 11.386278
174.679304 5.471636 12.990939
230.445604 5.535733 11.255615
186.526161 5.467401 10.715608
232.041047 5.537882 10.913753
189.498822 5.464459 11.513043
215.848188 5.497429 11.530915
233.876748 5.526267 11.388524
249.905416 5.544921 11.679901
47.108964 5.012978 17.663567
246.985203 5.558866 23.724441
210.636395 5.517428 12.966421
200.694745 5.492634 11.513259
247.759412 5.541831 11.671424
241.802410 5.548907 11.143615
199.225946 5.522377 20.069072
111.005642 5.385676 20.025467
217.093954 5.532085 23.071709
224.081118 5.528922 11.928561
186.680380 5.467663 10.717656
173.164548 5.455110 11.499761
