157.348085 5.418896 10.949293
216.263936 5.517080 11.750089
217.491853 5.510893 14.401877
236.645466 5.539295 11.515671
178.108571 5.482039 12.747543
232.248733 5.537511 11.675535
238.675348 5.544478 18.762399
197.436009 5.509998 14.590927
247.579668 5.549972 11.452729
159.890867 5.428760 10.732025
196.786616 5.506104 15.988436
163.429827 5.424702 10.984129
223.241934 5.526606 11.702140
241.182167 5.549383 11.386386
226.082298 5.526983 11.797363
185.283079 5.464046 10.969065
221.819755 5.526443 12.779201
184.945570 5.493701 13.756091
223.962678 5.525916 11.124934
242.264697 5.547333 19.019624
226.834241 5.532403 11.043170
180.068854 5.463651 11.730140
226.263582 5.527006 11.755605
160.453756 5.425593 10.690752
216.030577 5.522041 13.010910
221.250207 5.527528 12.951851
239.930520 5.548338 11.319963
109.109589 5.379973 22.968127
185.282075 5.466436 10.936413
157.514590 5.414201 10.916778
203.187535 5.528948 21.373705
218.973907 5.524651 21.745731
171.923625 5.452144 11.772308
225.051381 5.541254 12.466601
176.486736 5.456554 13.311338
226.674198 5.532210 11.050276
205.356627 5.516672 23.492614
169.458429 5.357097 5.811065
204.616129 5.518246 22.178470
177.484794 5.472630 12.891636
173.133766 5.368260 6.200116
213.806085 5.520049 11.680502
242.516919 5.550742 11.186758
241.469374 5.544721 11.266560
227.095124 5.520376 11.551565
158.891646 5.417554 11.194674
220.220083 5.526766 11.669208
108.657685 5.378848 23.239137
157.271126 5.282309 5.913532
151.430370 5.353114 9.695572
232.199474 5.539235 11.846218
205.423427 5.638263 21.912403
218.771303 5.525241 11.192577
144.187110 5.232738 5.733150
134.402363 5.447821 17.303213
134.630205 5.397423 14.514934
75.032055 5.186312 11.345519
235.342225 5.543184 18.795841
218.555444 5.538185 13.036602
230.658642 5.536082 22.610461
237.829935 5.537975 11.304616
232.971548 5.539643 11.650745
232.489003 5.539465 11.643840
203.961941 5.529867 21.950581
236.453697 5.543695 18.812348
216.781768 5.523689 11.587295
185.175266 5.494205 13.218395
203.075419 5.528217 17.091349
235.193162 5.542909 23.494938
176.625535 5.471460 12.825958
109.002169 5.382305 19.735466
183.591507 5.471558 10.960098
180.914900 5.478220 12.767437
34.878375 4.897852 23.743022
246.564816 5.549823 11.189757
227.828992 5.647138 19.907164
211.034919 5.515621 12.169558
218.748436 5.525206 11.194976
231.627050 5.539268 19.970961
234.393496 5.541035 11.423400
219.138463 5.524572 11.640462
178.345385 5.444877 11.625784
235.231235 5.529166 11.534239
67.728219 5.047210 8.654871
225.190370 5.527382 11.637848
170.918512 5.468415 15.823224
236.544997 5.543788 18.571088
108.546587 5.381272 19.586633
159.154887 5.433129 11.653000
216.989448 5.521775 11.676104
165.329582 5.439471 11.941529
183.038009 5.482150 12.216853
173.134606 5.368249 6.199383
190.367618 5.501640 14.066366
37.080775 4.916448 23.437036
220.186198 5.523079 11.209229
193.444759 5.342756 5.965131
212.619271 5.527653 12.868762
240.305776 5.541833 10.758839
154.760928 5.272799 5.878925
225.025992 5.530263 11.695646
218.973280 5.525439 11.202321
136.256232 5.383022 16.086161
218.216889 5.523431 11.427923
159.238733 5.433352 11.636863
218.943935 5.525054 12.759045
47.438700 4.924523 6.488460
179.462781 5.474314 13.036940
182.348576 5.291059 5.871986
128.563798 5.375934 14.192324
172.086183 5.484596 14.087153
208.284284 5.524493 19.094483
36.353630 4.912078 23.488266
229.937974 5.535416 11.304271
166.808651 5.436935 11.131537
215.120721 5.521677 11.334718
102.980313 5.215954 6.396482
205.230476 5.301084 5.685253
164.263117 5.428618 10.709326
157.896527 5.411192 11.026067
109.063083 5.231001 6.629165
227.532196 5.645712 19.873402
173.878169 5.450775 11.488338
209.424866 5.524788 13.821443
211.601281 5.530644 19.252393
211.896728 5.514369 11.992352
224.306643 5.530334 11.185477
205.286929 5.516820 23.368923
177.363309 5.489545 15.558910
181.965891 5.275871 5.358666
240.609172 5.541309 10.834898
35.333625 4.902242 23.664407
157.385641 5.408315 11.093056
243.000930 5.544457 10.476154
133.253989 5.391700 23.875787
184.271589 5.484045 11.459934
108.667994 5.378864 23.238765
142.509355 5.310500 7.019960
198.901490 5.515791 17.794276
246.988643 5.549848 11.188808
181.077018 5.457434 10.421924
236.559535 5.544152 11.586460
226.429274 5.531927 10.868137
232.175796 5.534060 11.231623
241.162258 5.541162 10.810217
47.028852 4.923224 6.478945
235.036226 5.536552 11.171896
224.291010 5.531763 11.254581
205.069487 5.635763 21.760124
208.825222 5.524650 14.180725
176.231528 5.472497 11.966650
162.895358 5.428578 10.964009
224.616561 5.529343 10.769993
217.848176 5.518637 11.297397
222.848253 5.531863 11.640145
205.838332 5.517607 23.369666
188.111920 5.305557 6.082028
179.741123 5.451293 11.010668
173.931831 5.454808 13.059096
176.154812 5.274537 5.861656
227.771490 5.530879 10.860802
208.648797 5.523769 14.047053
173.437894 5.467525 12.973908
206.107308 5.500114 11.456930
173.615093 5.455521 13.161957
237.585653 5.545188 11.614218
175.493749 5.269733 5.613374
129.280162 5.272226 6.127752
191.420174 5.315313 6.306783
167.379806 5.435661 10.924859
192.940903 5.489140 11.181199
107.504487 5.377765 22.358666
173.761373 5.450597 11.463067
129.933918 5.274165 6.173101
235.715207 5.536820 11.129827
131.503724 5.374024 11.795066
180.917025 5.450299 13.828665
244.889034 5.543066 11.312798
237.701388 5.545357 11.613693
228.013628 5.533779 11.202328
192.076729 5.479943 11.707809
243.063056 5.544538 10.466593
210.101738 5.520289 11.459056
160.467801 5.426343 10.719370
189.055955 5.474870 11.711653
226.235969 5.641651 21.134315
228.619863 5.534324 10.808354
242.243918 5.541644 11.230784
210.723906 5.519475 14.498215
186.289421 5.481778 14.367118
166.822214 5.434694 10.917669
217.145806 5.504065 11.780444
212.977823 5.504947 14.979236
168.253826 5.435082 10.983758
168.466307 5.443337 11.375342
204.038923 5.518873 12.442162
108.341508 5.223823 6.341114
239.212980 5.539251 11.405349
234.807165 5.526082 11.725538
127.838074 5.375063 14.325530
177.353657 5.489440 15.547934
189.802421 5.501522 12.152038
178.713585 5.446312 11.578575
234.589576 5.528406 11.543129
238.113026 5.537398 10.735927
217.166790 5.504091 11.780378
233.250870 5.539124 11.301477
202.423129 5.510149 11.931064
161.058829 5.425437 11.317136
196.863898 5.506333 12.168440
164.955254 5.477010 17.715144
154.622255 5.426478 11.463920
222.100447 5.528501 11.784991
228.636315 5.534339 10.806915
172.080723 5.446133 10.803157
184.765717 5.452957 12.991787
229.973792 5.536610 10.885880
210.788150 5.518568 14.459069
233.342664 5.538636 11.257909
176.182073 5.491979 17.941813
239.291489 5.539308 11.409085
249.273977 5.549555 10.691114
179.199873 5.462896 11.283814
155.475794 5.417388 11.712233
228.175952 5.533141 11.331066
205.114600 5.541978 17.255554
186.138712 5.483364 12.188390
194.020372 5.502214 13.785263
223.162731 5.529681 11.619211
176.688268 5.471560 12.823790
217.884355 5.524237 12.816143
225.438588 5.531444 10.819248
220.678614 5.524680 10.918501
191.399235 5.315311 6.306991
168.469015 5.443281 11.363466
241.277359 5.549114 11.146763
175.878388 5.490155 17.688663
240.219288 5.539745 11.269277
176.537027 5.456874 11.371581
175.827499 5.470397 12.896396
182.823252 5.475968 13.010690
222.409156 5.526371 11.281875
200.987403 5.526554 15.198137
236.646053 5.539290 11.254449
185.218181 5.445931 11.422063
170.612186 5.445256 11.352348
236.644579 5.539710 11.138482
135.410052 5.395646 23.313084
75.517910 5.188750 11.379894
175.830117 5.470404 12.896252
217.320321 5.520386 13.061366
221.798019 5.527365 10.946867
187.155576 5.495681 19.136602
188.888128 5.496496 23.718376
238.400004 5.538342 11.450790
201.172390 5.525885 21.758605
223.378834 5.529608 12.017240
224.333079 5.529920 11.560742
232.432849 5.539830 20.016284
224.199563 5.530202 11.190102
178.817114 5.299622 6.327703
201.487466 5.526729 15.176837
229.843749 5.535497 11.627239
108.459440 5.378270 23.333522
196.876497 5.506350 12.168844
179.141044 5.463786 11.371367
228.167747 5.646720 19.891272
226.049184 5.533112 11.240805
227.489122 5.532505 23.131937
108.313514 5.377855 23.399823
178.244502 5.444741 11.621444
67.885885 5.154749 17.490867
227.555545 5.532785 10.967320
206.177227 5.337886 5.776343
198.639450 5.508303 13.036276
225.409401 5.532287 11.236716
170.249121 5.438556 11.006614
223.127037 5.529928 11.621587
225.416339 5.535133 11.380965
200.298255 5.509748 12.961372
158.767723 5.432311 11.597397
188.863811 5.470741 11.182912
225.697663 5.532539 11.201863
175.302645 5.488756 17.839283
157.461941 5.421427 10.737243
156.811549 5.424318 11.268992
103.606658 5.282315 16.947911
230.073480 5.534621 11.109240
186.449487 5.482432 14.378027
63.193745 4.980141 5.915771
172.164412 5.446267 10.803183
174.423508 5.455413 11.408474
158.847407 5.305391 6.078422
243.299433 5.546320 11.303780
233.182753 5.539486 11.333806
184.169757 5.462776 10.906584
200.537202 5.509952 12.953748
227.926065 5.536156 11.326765
225.633514 5.532434 11.202329
171.981058 5.452216 11.736112
109.497527 5.232790 6.814538
205.053272 5.332049 5.627283
181.637329 5.459756 11.033327
205.308926 5.519872 13.190380
192.438739 5.309419 5.687656
235.128367 5.543955 11.488471
144.325584 5.413180 22.080623
236.157021 5.537216 11.121586
184.214519 5.483950 11.451101
243.748308 5.545257 10.811445
189.796317 5.478418 11.332851
173.811954 5.468643 11.969303
181.845992 5.458310 10.813415
234.342994 5.541631 11.213912
234.420314 5.541992 22.592628
227.602283 5.535810 11.326664
227.519844 5.645634 21.315796
189.589162 5.478387 13.526231
235.620544 5.543403 23.595908
103.076677 5.338283 17.158478
184.890761 5.295879 5.723782
141.092524 5.175788 5.385973
227.195941 5.546553 12.042210
191.042076 5.501137 14.289931
220.525012 5.524122 11.446267
223.140985 5.530025 11.312031
72.655367 5.176166 11.167554
133.147071 5.277635 6.162579
217.139061 5.521024 11.413738
142.191340 5.434356 20.882903
185.506214 5.481230 13.045339
228.775972 5.534131 10.876800
196.084218 5.505592 11.935172
199.324152 5.478868 11.488980
234.987827 5.541289 11.133577
222.908490 5.524940 11.630147
184.047124 5.452656 9.955458
169.576598 5.266633 5.701084
174.952910 5.452835 11.341057
146.746557 5.221701 6.417549
187.095582 5.468390 11.440190
154.519212 5.432458 12.902616
211.093932 5.508899 11.428801
151.073661 5.426580 12.904510
239.444868 5.546693 11.263252
228.186749 5.533808 10.939793
196.830400 5.488400 11.314070
236.383544 5.535652 12.643164
168.093208 5.282492 6.333451
186.370172 5.482233 14.359805
236.595017 5.540495 10.934045
220.460179 5.526008 12.644717
179.200171 5.494350 18.429767
167.673750 5.277167 6.158417
220.208460 5.523112 11.212084
228.100912 5.533267 22.823819
126.007863 5.419667 17.340939
176.177481 5.471179 13.087651
225.828849 5.532469 11.187415
225.465114 5.532404 11.215188
213.874649 5.524612 19.679936
117.825180 5.406828 23.223334
225.855876 5.526502 11.311863
211.679271 5.528105 12.959507
157.285466 5.436495 13.563858
223.540549 5.530176 11.239900
227.065681 5.546861 12.435406
197.206320 5.506914 12.260066
205.322243 5.513469 11.094659
229.271228 5.554128 12.252831
228.005005 5.646060 19.863917
231.563737 5.546790 12.094864
185.511362 5.480861 12.980449
221.516113 5.526089 11.595092
106.374226 5.344445 17.159075
225.929680 5.529296 11.201319
227.767020 5.520489 11.008229
234.451963 5.540177 10.928123
233.186216 5.539492 11.333790
175.212053 5.451735 11.370154
247.728205 5.539813 10.831441
231.746883 5.546740 12.087819
163.998379 5.261337 5.345357
181.177549 5.477557 13.258052
182.746799 5.485270 12.146458
197.823487 5.506219 13.609757
176.920454 5.458733 11.460209
247.716139 5.539830 10.831381
226.561421 5.533874 10.793722
184.180710 5.452661 9.935744
201.658910 5.526818 15.232278
235.522477 5.537906 11.258191
117.124400 5.367387 17.290122
178.545534 5.456206 11.480989
109.850705 5.234116 6.846056
181.138109 5.477409 13.240084
201.716848 5.510472 12.136685
210.558987 5.520610 11.478280
219.429315 5.523549 11.864868
180.434306 5.464657 11.711374
124.120276 5.412841 22.205977
225.818331 5.531388 11.876983
180.043860 5.431548 11.314328
236.048603 5.543894 23.905120
215.685806 5.509951 10.915437
198.844748 5.508152 12.213271
159.082944 5.434482 11.494152
148.793029 5.425962 13.038240
195.637864 5.495094 11.962689
222.434258 5.526411 11.868128
188.166751 5.485551 12.920163
112.267432 5.389798 21.443583
228.340343 5.535426 11.291767
234.346375 5.541637 11.215076
183.433320 5.463699 11.410291
181.924219 5.481873 11.929235
206.653871 5.518214 23.039925
247.387221 5.550196 11.189708
223.679099 5.553724 13.094210
47.089831 4.923478 6.484568
167.670549 5.428750 11.008420
110.826381 5.384439 19.401437
124.018411 5.412626 22.206913
200.197295 5.500349 12.087594
229.232368 5.539336 12.019642
184.891432 5.481850 12.793433
217.007439 5.508571 10.996506
205.960493 5.507261 12.073106
205.080082 5.513235 11.221589
225.331985 5.643555 21.603505
222.756364 5.539009 12.789506
198.891649 5.507298 12.964203
103.096932 5.365661 22.678310
235.294199 5.538061 11.265578
198.738499 5.499722 12.204304
220.955679 5.526212 11.637523
112.962164 5.390090 21.278966
177.087976 5.468864 10.972058
198.532405 5.506793 12.497888
237.399772 5.539700 11.251797
235.351448 5.542855 11.185306
236.622607 5.543917 18.579044
186.269340 5.494901 19.281508
72.051615 5.174494 11.124422
175.954525 5.491222 18.392861
229.215737 5.535620 10.836765
190.611423 5.479608 11.334858
210.457443 5.528342 13.029410
209.091164 5.510021 11.903797
247.556645 5.550337 11.188854
206.947040 5.530967 20.846832
223.759346 5.528529 11.564795
214.302503 5.516736 11.836030
224.440721 5.528893 10.759457
247.925964 5.550815 11.187988
111.048470 5.356456 16.745869
235.426506 5.543747 18.281429
216.864524 5.509003 11.040862
236.807012 5.539351 11.253163
184.205131 5.452859 9.953839
216.906114 5.520745 11.862991
142.371934 5.195461 5.534662
131.213702 5.431222 19.997636
236.635070 5.544627 18.527781
189.480064 5.498277 12.932481
211.405141 5.527666 12.947967
103.893196 5.283313 16.930183
163.994896 5.435580 11.367608
229.395667 5.535841 11.243183
229.605717 5.534020 11.153071
188.905092 5.496547 23.409278
234.455694 5.540179 10.928735
187.936395 5.484938 12.836042
226.201419 5.526908 11.310011
201.625384 5.526744 15.229436
234.483388 5.540170 10.932556
248.575916 5.533626 10.234586
234.966884 5.542065 11.197972
198.768119 5.499154 11.993138
188.086826 5.483585 12.684963
234.730133 5.540687 19.879628
224.549231 5.531931 11.253862
157.242241 5.418847 11.320199
198.228012 5.496613 11.917446
206.963810 5.530976 20.846238
161.331405 5.426290 11.751836
234.446206 5.540024 10.912145
248.800173 5.555622 11.273282
187.398609 5.469203 11.523720
211.371709 5.516904 10.693848
240.704913 5.537288 11.548194
231.421233 5.536730 11.206466
174.774551 5.469488 13.132551
218.723889 5.535512 12.868164
249.071958 5.542172 11.527745
200.735827 5.514779 19.332868
241.641426 5.544517 11.304492
241.343474 5.544234 11.330804
211.954168 5.528002 12.907189
187.839747 5.484451 12.906963
172.718138 5.466935 13.201715
247.546850 5.552411 11.602149
173.630724 5.467998 13.114844
198.776135 5.498792 11.944622
237.628733 5.541230 10.906600
196.485719 5.520192 12.877361
187.495043 5.484071 12.916825
222.212749 5.526195 11.210426
242.035214 5.544972 11.321247
247.609560 5.550354 11.188449
221.724175 5.527653 11.357084
207.860826 5.509883 11.769383
235.723125 5.541822 11.249175
226.939011 5.534193 11.828097
227.554430 5.532788 10.968876
220.191333 5.524819 11.973616
225.814159 5.532958 11.675255
234.440251 5.540025 10.911532
224.202547 5.528638 10.767003
236.555423 5.539774 11.147010
208.381298 5.508469 11.891519
249.163617 5.542262 11.527230
232.500762 5.538677 11.349635
237.083124 5.539346 11.255370
171.946923 5.451890 11.707583
181.676794 5.497488 17.739171
236.103286 5.542445 11.600284
235.719383 5.541818 11.249250
197.705764 5.293275 5.652450
189.991829 5.497638 23.420708
244.059943 5.547048 11.337967
109.648938 5.233619 6.839037
227.309289 5.532183 11.652744
227.667378 5.533435 11.148843
236.827187 5.539079 11.138365
244.353190 5.547175 11.262804
243.458639 5.546414 11.263969
232.260882 5.538312 11.344691
230.377174 5.535901 11.541612
163.105910 5.433060 11.265623
231.942264 5.539014 11.566830
235.492234 5.560662 12.105997
235.951393 5.543786 23.881718
233.809673 5.536498 11.284038
188.378987 5.485247 12.049300
109.365308 5.352883 17.716061
167.013131 5.440185 11.366131
112.939155 5.389686 21.224463
224.789536 5.532065 11.200634
236.168977 5.542552 11.660351
222.171127 5.526958 11.748581
247.616490 5.550361 11.188264
227.455294 5.532771 10.995483
197.726692 5.293407 5.655601
249.396490 5.549575 10.848108
226.520986 5.531914 11.161786
222.452465 5.526293 11.206720
220.549806 5.526441 11.662895
235.456468 5.542617 11.201190
235.138815 5.542293 11.204049
249.630437 5.542486 10.827147
235.737420 5.543011 11.176648
236.243173 5.538872 11.231416
214.003602 5.524750 19.681106
236.191841 5.537646 11.137167
247.417653 5.542052 10.919681
185.017544 5.481969 12.187593
186.196238 5.483524 12.168551
111.064519 5.356490 16.736618
239.117390 5.540670 11.035914
229.026340 5.534934 11.407636
110.721317 5.355903 16.727160
195.138051 5.503600 12.660847
180.355234 5.464495 11.757873
191.462110 5.494207 12.783961
175.830127 5.452433 11.453945
233.325805 5.538616 11.257436
158.770282 5.248416 5.938923
194.164149 5.506537 16.376250
169.706388 5.444684 11.362562
190.946180 5.478555 11.295147
235.294279 5.542369 11.217289
237.140566 5.539618 11.211252
205.656554 5.509134 11.909519
222.676654 5.528761 11.248013
223.861458 5.539822 19.285850
167.767566 5.428967 11.026316
227.604077 5.535811 11.326665
165.458828 5.438291 11.476904
220.186795 5.538560 12.904918
247.349965 5.548482 11.001058
168.745922 5.443192 11.366499
223.597074 5.529146 11.684883
234.267630 5.539863 10.941526
168.745783 5.443175 11.387067
245.932117 5.548630 11.035077
158.991733 5.249234 5.955292
176.708117 5.471583 12.822931
232.193327 5.538293 11.350226
222.676373 5.528760 11.247945
170.903612 5.464682 12.643693
130.374185 5.372147 11.802594
235.292538 5.542367 11.217330
235.879433 5.543414 18.526097
174.607937 5.468933 12.884673
243.385582 5.546308 11.267484
153.793690 5.219247 5.606192
236.763733 5.539265 11.219487
212.031101 5.528027 12.954438
225.401720 5.533018 11.192520
230.846614 5.535683 11.255654
171.283370 5.465117 12.668397
161.131270 5.234527 5.652144
236.138832 5.539707 10.963936
246.630404 5.551147 11.600422
236.413385 5.544220 11.234588
220.948028 5.525727 10.876790
231.934443 5.534742 11.325016
224.076907 5.529581 11.590968
221.603666 5.527477 11.254233
157.235166 5.418826 11.319134
225.622155 5.530767 11.158336
183.995253 5.452434 9.943969
201.544442 5.526717 15.240365
236.154069 5.537214 11.121597
197.566019 5.289825 5.562710
225.778378 5.533074 11.590901
224.211545 5.528652 10.769484
229.330500 5.648057 20.026357
232.216439 5.535075 11.300797
246.768800 5.543939 11.419574
232.148007 5.537815 11.227840
237.456631 5.541223 10.929303
222.116438 5.527809 11.260233
204.727902 5.508302 11.867603
221.393081 5.527614 11.158760
225.969048 5.531287 11.253961
190.919258 5.478517 11.289868
247.413539 5.550185 11.187761
216.945480 5.520055 11.236196
219.203753 5.526281 10.645275
103.586490 5.365066 22.570007
169.258490 5.443992 11.385462
236.196890 5.537236 11.127873
221.489666 5.527699 11.146008
237.966296 5.544775 11.305638
242.332450 5.545400 11.256775
225.841627 5.533154 11.590126
165.397995 5.423937 11.464717
187.334772 5.483962 12.922963
135.618884 5.287734 6.504893
224.417777 5.530061 11.123388
237.455500 5.540024 11.215398
169.628106 5.444966 11.454007
164.649282 5.422369 11.467097
219.266521 5.526326 10.652705
233.618332 5.539726 10.896372
187.342061 5.483811 12.846295
221.512446 5.527663 11.649726
234.680653 5.540881 11.372440
160.485929 5.415901 11.489226
220.270919 5.538527 12.885676
214.090597 5.519791 11.871493
176.541552 5.473090 12.048266
210.439981 5.528316 13.029804
217.169320 5.504096 11.780357
248.608208 5.551801 11.183672
171.949214 5.451967 11.712604
163.197508 5.245611 5.908497
225.866395 5.532507 11.185314
243.103449 5.546149 11.291219
223.144478 5.527751 11.866556
237.316759 5.541103 10.931385
159.167505 5.413653 11.495326
162.961378 5.420334 11.481618
166.953200 5.440402 11.471477
234.387479 5.539759 11.652650
163.984847 5.261323 5.345267
214.250388 5.507754 10.902463
226.995343 5.531694 11.245973
222.049966 5.528023 11.204193
240.399998 5.546940 11.547318
225.899137 5.531260 11.254506
240.016986 5.541337 11.027044
109.947603 5.237500 6.845731
71.638273 5.173387 11.122183
236.414115 5.544259 11.235357
243.383799 5.546307 11.267634
196.905731 5.506514 12.020734
130.019135 5.371400 11.797117
176.456039 5.472931 12.059059
237.054055 5.539744 11.218108
176.635752 5.471486 12.759361
203.647546 5.525501 18.333098
224.474795 5.530164 11.123427
105.929918 5.371406 22.981389
129.127533 5.369965 11.762917
233.376259 5.540695 11.123383
155.939363 5.238986 5.765276
234.524385 5.539784 11.644948
53.885987 4.952794 6.457566
167.418686 5.429183 11.322622
109.446214 5.237128 6.850184
215.780278 5.518606 11.236246
225.693442 5.530849 11.025529
234.541003 5.539799 11.640554
225.126443 5.642627 21.552853
111.210349 5.356506 16.678055
225.727590 5.530696 11.210542
225.701612 5.530856 11.024664
236.758243 5.544636 11.225551
152.337917 5.403346 11.441823
197.427155 5.506982 12.006649
241.541644 5.549444 11.137721
242.036579 5.535014 11.540211
110.835781 5.385072 21.663432
225.700961 5.530860 11.020012
54.354825 4.954108 6.452829
203.663606 5.525530 18.331942
63.361014 4.980793 5.922809
179.512618 5.473511 12.844192
229.685752 5.535380 11.112806
186.075378 5.482831 12.073715
249.799755 5.546458 11.390452
179.512793 5.473511 12.844189
232.590685 5.538827 11.421827
109.484489 5.237237 6.852200
217.100402 5.504011 11.781022
220.463434 5.524521 10.949628
224.100008 5.530251 11.618691
220.388246 5.525770 11.216812
247.380407 5.542019 10.920388
225.134826 5.530372 11.566728
241.690796 5.544802 11.292788
248.452037 5.543128 10.920967
217.089983 5.520231 11.235579
222.453046 5.526294 11.206715
167.811503 5.441647 11.472363
216.951709 5.520064 11.239315
236.451750 5.544092 11.255351
167.799713 5.441273 11.467869
236.755768 5.544243 11.220644
107.307401 5.375133 23.223203
242.309178 5.542303 11.396648
245.798048 5.542354 11.515131
224.062839 5.530259 11.667809
220.726107 5.526972 11.234372
248.778381 5.553891 11.426677
156.278405 5.416758 11.312949
168.448855 5.442194 11.431825
221.821400 5.527956 11.250160
239.554821 5.544170 11.136536
142.317265 5.314177 6.518510
223.865367 5.530239 11.686429
220.268622 5.538523 12.885838
199.339323 5.508822 11.968984
229.023095 5.534931 11.407565
61.075787 4.972942 6.384929
243.454882 5.552527 19.304564
191.173201 5.314290 6.285025
169.313461 5.443383 11.432060
197.188321 5.289476 5.562380
107.228616 5.374920 23.209372
220.746707 5.524962 10.946366
226.406227 5.531792 11.252342
156.121357 5.239208 5.764381
224.747025 5.531268 11.691662
243.959442 5.540735 11.490392
204.709444 5.508283 11.867457
232.513201 5.538818 11.484507
162.591192 5.451693 13.325437
226.932416 5.534021 11.056516
227.840387 5.533648 11.137845
239.097452 5.537966 11.451121
241.759472 5.537479 11.725285
222.010127 5.527939 11.249063
236.848586 5.544237 11.204642
238.394111 5.538336 11.451125
234.046982 5.540506 11.382018
239.596539 5.545643 11.182738
247.796940 5.542467 10.955315
237.004679 5.544612 11.612746
247.765174 5.542054 10.959677
239.896959 5.535734 11.685038
232.784177 5.539915 11.127900
226.613959 5.534282 11.536629
240.833787 5.547337 11.171682
231.482147 5.538883 11.177860
245.912297 5.552027 11.406527
178.901235 5.299695 6.327069
239.093436 5.545558 11.280780
227.237905 5.532129 11.533933
189.658689 5.497350 23.492356
197.083136 5.484959 11.276451
237.932785 5.544664 11.302038
232.309268 5.539976 11.172618
222.261583 5.528237 11.244906
169.663486 5.444210 11.395894
229.392681 5.536136 11.245194
226.372402 5.530888 11.219271
176.535473 5.471352 12.798888
173.770697 5.450633 11.463776
226.730026 5.532317 11.250453
196.520545 5.296157 5.767943
229.320925 5.554183 12.241033
238.123161 5.540057 11.431615
249.798251 5.542916 10.881086
201.529602 5.526706 15.225015
216.106980 5.530461 12.751742
219.364647 5.526839 11.643221
210.631604 5.528595 13.032596
179.572446 5.472849 12.847704
229.494150 5.536175 11.178943
231.944562 5.537110 11.229388
232.593396 5.538830 11.422040
71.630283 5.061506 7.164944
241.205984 5.540984 11.543543
233.338177 5.538599 11.258469
224.326351 5.540517 19.373697
247.373620 5.541140 11.681442
225.164323 5.640993 21.396507
226.720842 5.532321 11.245327
157.511467 5.240904 5.764268
196.040758 5.286751 5.525804
225.887843 5.532537 11.185184
224.633717 5.531538 11.276472
240.058847 5.546996 11.275443
181.138368 5.462119 11.492225
203.476236 5.525201 18.468050
211.855172 5.528099 12.964263
234.454663 5.538232 11.264480
211.901692 5.528269 12.981885
85.768013 5.110985 6.889278
236.090684 5.537208 11.147735
226.777767 5.532375 11.248417
159.204223 5.433275 11.607392
226.040353 5.530702 22.400225
249.094452 5.542816 11.703818
237.089448 5.538613 11.146991
241.539448 5.548058 11.127447
196.206928 5.485184 11.327355
176.535371 5.471353 12.799224
220.210991 5.525970 11.256415
122.160240 5.415319 17.578074
221.507079 5.527657 11.649835
151.955458 5.402691 11.444846
157.516595 5.240932 5.764910
218.692573 5.535793 12.901807
207.012155 5.530957 20.806182
222.176342 5.529484 11.590845
235.948688 5.543783 23.881695
217.494605 5.523020 11.212563
237.114827 5.538529 11.140298
224.103557 5.530743 11.209692
109.654769 5.380526 22.166643
243.870318 5.538995 11.750765
233.337477 5.538598 11.258476
178.214848 5.445522 11.553413
232.435484 5.538838 11.505819
224.036121 5.530663 11.221124
158.686291 5.431728 11.020802
228.656118 5.531348 11.140981
158.616473 5.431576 11.003038
196.534975 5.520385 12.881271
233.219003 5.539534 11.403196
235.618277 5.543127 22.284410
241.522611 5.548042 11.133651
187.164771 5.484524 12.835087
240.400283 5.546940 11.547546
196.495531 5.290385 5.610473
242.892683 5.538588 11.737431
242.807956 5.539618 11.664739
198.103091 5.301588 5.860139
198.499564 5.508017 11.980934
178.076897 5.473602 12.163961
235.207876 5.541867 11.458273
232.429074 5.538816 11.499620
173.304153 5.437438 10.833135
63.334469 4.980689 5.921686
242.176609 5.545266 11.255165
242.008535 5.549382 24.599356
72.863764 5.176262 11.155626
230.499095 5.536010 11.551987
218.703666 5.535803 12.901627
236.427823 5.537607 11.103699
205.046498 5.513182 11.222672
227.907076 5.533575 11.239627
241.509456 5.548033 11.134469
233.192734 5.539500 11.404633
222.061525 5.529349 11.588803
224.010031 5.530632 11.221492
110.857014 5.385154 21.654386
241.989299 5.549362 24.583350
177.904353 5.469982 12.833057
53.479809 4.957185 6.408392
241.912411 5.544935 11.284930
247.131590 5.544346 11.666843
82.857314 5.102435 6.804986
178.075396 5.445293 11.532959
233.189192 5.539494 11.404034
239.029132 5.538691 11.447099
227.898290 5.533558 11.242845
171.281366 5.465115 12.668620
227.906181 5.533567 11.242922
240.489526 5.540549 11.148382
223.901075 5.530597 11.231192
248.427803 5.545088 11.768021
211.889740 5.528254 12.985291
234.299722 5.540926 11.584341
221.511701 5.527662 11.649682
240.518092 5.547492 11.267302
239.371181 5.546295 11.290376
233.895731 5.540327 11.380461
248.005715 5.545267 11.729368
239.090984 5.545556 11.285611
177.508454 5.292944 6.186373
239.112557 5.546021 11.305367
197.226825 5.296806 5.751844
217.950428 5.523446 11.227598
225.915241 5.532563 11.186005
111.065361 5.385488 21.652011
224.120810 5.540290 19.491560
35.013866 4.900902 23.692914
170.611699 5.282171 6.136582
233.201048 5.539491 11.404121
210.612168 5.528582 13.039984
239.915528 5.535743 11.681412
222.059811 5.529347 11.588800
111.171747 5.385573 21.634116
234.715794 5.540904 11.479953
182.866940 5.485454 12.159730
236.739741 5.543436 11.666754
218.697883 5.535795 12.901508
156.358711 5.416897 11.312838
196.351801 5.520121 12.985209
239.014569 5.533984 11.501115
220.946983 5.527279 11.208437
227.603239 5.535806 11.326518
225.271079 5.529821 11.548131
229.364227 5.535015 11.263100
111.201842 5.385607 21.631535
234.730951 5.540687 19.878970
233.612191 5.539720 10.896486
218.701235 5.535793 12.900778
154.461464 5.407009 11.438183
236.414041 5.544006 11.205671
82.764614 5.102219 6.808795
229.680889 5.535330 11.272146
173.175126 5.285338 6.139085
177.889278 5.470019 12.839307
158.315091 5.420067 11.309226
157.437415 5.240809 5.765735
211.933367 5.528285 12.984188
186.112759 5.467380 11.326315
218.715088 5.535805 12.917625
197.057256 5.296533 5.752635
238.545826 5.546005 11.883488
228.952973 5.534952 11.441205
158.590241 5.245744 6.050602
245.060327 5.554660 21.731534
233.341206 5.539461 11.549856
211.859893 5.528213 12.944957
224.493808 5.530645 11.219650
57.786306 4.926640 5.090207
223.179992 5.528373 11.246950
223.908083 5.529333 11.246945
249.499547 5.545568 11.326424
169.310768 5.443378 11.431981
144.708226 5.319648 6.625938
58.912129 4.931533 5.142483
178.115800 5.475682 12.111538
223.798213 5.529212 11.245476
222.040571 5.529327 11.590056
177.906054 5.470059 12.838398
221.284449 5.527129 11.190735
220.744592 5.524964 10.947030
171.225151 5.446528 11.549564
211.051500 5.528666 13.016180
228.005538 5.533628 11.241904
99.102874 5.347412 19.999442
227.135751 5.532049 11.548529
200.100006 5.514185 19.244617
223.744311 5.528447 11.236728
241.294258 5.544374 11.283290
222.806009 5.527275 11.199893
233.579021 5.539813 11.523219
242.166533 5.545261 11.255466
227.393060 5.533302 11.148445
233.963688 5.539496 11.245273
247.261345 5.544568 11.313707
224.615911 5.531467 11.275760
222.004763 5.525976 11.225115
221.036254 5.524001 11.207122
234.049369 5.537629 11.405714
222.042085 5.529317 11.589716
219.287860 5.526352 10.648431
225.482604 5.530327 21.174668
48.998946 4.966744 22.198563
224.237573 5.533191 11.280858
249.977353 5.543677 11.741379
223.180012 5.528373 11.246950
224.596666 5.531441 11.276239
166.407133 5.438945 11.579047
236.412183 5.544004 11.205726
197.013944 5.296455 5.757354
229.882637 5.537556 10.691495
223.186619 5.528379 11.247179
225.526871 5.532060 11.233729
242.429340 5.545487 11.258093
223.966826 5.529209 11.221548
109.653872 5.380524 22.166766
223.928812 5.529209 11.226943
196.369707 5.291008 5.630410
227.372738 5.533203 11.180043
83.140852 5.103749 6.831406
221.442126 5.526728 11.218608
108.126012 5.377887 22.609852
225.599387 5.532139 11.226216
198.527683 5.508042 11.980104
239.451154 5.546061 11.287142
234.709263 5.540647 11.229717
233.966868 5.539502 11.245657
234.958555 5.541787 11.163229
168.936968 5.446243 11.427243
247.259776 5.544568 11.313699
224.162023 5.529595 11.249624
217.082926 5.520226 11.239536
234.002627 5.540797 11.166313
218.935746 5.535981 12.871596
178.143148 5.473698 12.136658
236.421529 5.544015 11.205732
223.176339 5.528366 11.247178
224.172673 5.529606 11.249747
66.851167 4.964977 5.528437
225.974259 5.532640 11.185575
211.054451 5.528675 13.015574
219.561052 5.525597 11.245453
212.347065 5.528376 12.893570
218.975314 5.535997 12.868923
198.846302 5.508330 11.974814
182.843684 5.485428 12.160047
221.825606 5.529477 11.276076
221.866181 5.527124 11.243181
212.502600 5.531291 19.319176
223.122330 5.528295 11.247169
224.011338 5.530646 11.190285
166.795232 5.428308 11.374474
222.493996 5.527766 11.243309
233.322525 5.538583 11.253729
227.812415 5.533551 11.213032
165.302206 5.442942 11.399772
205.747384 5.529206 16.741956
69.102299 4.972869 5.399216
223.062969 5.528911 11.238409
196.801019 5.506371 12.004259
65.063552 4.953218 5.312926
109.364143 5.352772 17.698104
184.052754 5.452550 9.945892
246.042563 5.555334 21.836607
216.651603 5.533101 12.981950
209.995126 5.527966 13.073884
227.097642 5.532019 11.542965
248.854952 5.543875 10.969146
175.137567 5.456995 11.482834
225.029637 5.529532 11.549265
233.548805 5.541981 11.523050
230.418634 5.539966 22.103655
222.000015 5.527879 11.237703
228.105976 5.533703 11.243202
222.721182 5.527765 11.254371
158.039007 5.419661 11.308754
233.117238 5.539486 11.545129
163.472609 5.420868 11.413823
228.816597 5.534147 11.248017
158.116670 5.431386 11.608279
162.600246 5.439589 11.599685
247.232390 5.544540 11.315958
174.235239 5.292335 6.299161
223.088319 5.529993 11.289864
212.507506 5.528916 12.945923
236.243093 5.543512 11.152798
224.518544 5.530168 11.259100
212.484618 5.531263 19.316381
178.152124 5.473722 12.137728
97.723062 5.342563 19.396762
230.715304 5.535523 11.234146
227.243819 5.532427 10.990228
236.265176 5.543843 11.206410
196.354804 5.520128 12.985332
70.328349 5.167605 11.090216
204.733399 5.508313 11.866737
241.196293 5.544454 11.291126
227.648942 5.533206 11.133621
35.429257 4.902578 23.685030
219.729842 5.525815 11.218416
204.908246 5.508541 11.864954
225.485495 5.530330 21.171995
200.444479 5.490127 11.325599
233.428479 5.538708 11.254525
227.770057 5.533505 11.213228
209.955083 5.527918 13.063267
243.858746 5.550413 11.119592
108.029328 5.375727 22.480121
224.298517 5.530845 11.248404
156.062188 5.406830 11.038566
164.401581 5.422671 11.413317
162.149664 5.417665 11.338332
224.787954 5.531110 11.240280
233.127593 5.539489 11.544750
220.872977 5.527190 11.209044
216.599633 5.533148 12.989897
233.963032 5.539521 11.246237
227.852441 5.530121 11.122979
225.113575 5.532147 11.323944
232.427012 5.539494 11.610737
221.553678 5.527949 11.258621
144.098610 5.317301 6.465649
227.661698 5.533271 11.220756
178.133771 5.475711 12.112076
238.998823 5.538536 11.448323
182.843360 5.485427 12.160034
235.548571 5.543057 11.227940
216.593770 5.533149 12.990870
221.524145 5.527823 11.258106
196.364748 5.291002 5.630401
158.323144 5.247835 5.904083
85.527065 5.110596 6.903358
220.819117 5.525786 10.945685
158.819873 5.432008 11.006560
239.342966 5.546160 11.286896
242.062642 5.542537 11.133635
221.525524 5.527825 11.258118
227.200124 5.532736 11.245063
224.511354 5.531685 11.592551
225.810438 5.532013 11.212369
225.611815 5.530729 11.150406
190.271342 5.495900 11.874179
196.607285 5.520254 12.985363
219.957281 5.524710 10.899638
111.343864 5.386544 19.145958
201.529663 5.526706 15.225004
233.564750 5.539798 11.566303
249.795859 5.552954 11.181016
246.087042 5.555413 21.852061
213.233714 5.532518 19.473011
144.042074 5.317072 6.457487
224.382001 5.531580 11.591932
224.445433 5.540647 19.310728
226.035336 5.530705 22.359642
158.370170 5.410872 11.346628
157.614119 5.409816 11.138058
164.543875 5.264267 5.505489
224.986683 5.640440 21.373013
209.836227 5.527730 13.088894
224.960683 5.530866 11.215014
196.646998 5.520305 12.943946
235.615765 5.541925 11.628266
171.194203 5.446169 11.422040
224.293058 5.530481 10.948830
171.360657 5.446462 11.427303
233.546824 5.541992 11.523514
224.002432 5.530496 11.240081
143.330578 5.224271 5.981237
224.216865 5.530122 10.929248
216.450848 5.503440 11.767890
215.046552 5.520788 11.272060
184.053223 5.452550 9.945875
222.464912 5.529979 11.270620
230.101162 5.536687 11.178716
222.953833 5.528832 11.193188
170.622477 5.444945 11.285465
248.906579 5.543938 10.968768
217.827567 5.521518 11.218880
235.652427 5.541946 11.620802
246.948716 5.556361 22.349228
226.108068 5.530291 11.176036
184.046856 5.452529 9.943238
226.152135 5.533378 10.896982
246.875445 5.556258 22.382235
227.326922 5.531695 11.172746
249.952592 5.553107 11.178779
225.960491 5.514131 11.833505
229.640946 5.536550 11.089768
245.011523 5.551274 10.906389
249.881480 5.553044 11.179891
108.608850 5.378673 22.569279
214.157489 5.507680 10.904159
202.482242 5.298246 5.600199
239.017333 5.545662 11.273335
230.714746 5.535523 11.234156
227.051578 5.534416 11.229642
223.056079 5.528937 11.192828
223.544190 5.529672 11.240354
217.580730 5.521229 11.219821
220.231386 5.524799 10.916138
235.243974 5.541521 11.654718
249.007501 5.552598 11.234179
232.152515 5.538815 10.777438
143.235348 5.223728 5.966879
221.034495 5.527135 11.223130
174.235804 5.292339 6.299388
186.263404 5.494898 19.280598
233.646069 5.540048 11.453437
233.756403 5.541341 19.094509
236.828988 5.544216 11.204989
157.509795 5.409301 11.348674
113.589858 5.391993 20.767920
223.793252 5.531099 11.232903
236.242362 5.543511 11.152830
219.894307 5.525311 11.199651
218.003862 5.523481 11.253519
178.191236 5.473780 12.121725
249.096093 5.542791 11.720781
200.053481 5.290195 5.474813
190.927778 5.478530 11.289855
224.580469 5.531447 11.268944
203.265696 5.516699 16.396334
201.089553 5.507981 12.762149
201.496759 5.526699 15.230651
241.285588 5.548418 11.285496
155.441270 5.405797 11.135143
222.457723 5.532623 11.859057
243.867343 5.550417 11.119783
227.205661 5.534666 11.229593
155.606255 5.406034 11.167824
220.682036 5.526754 11.223534
218.219526 5.523767 11.221248
144.052036 5.317118 6.461397
65.327166 4.954201 5.324208
226.733278 5.532313 11.188735
242.822347 5.550204 20.681361
190.755721 5.280757 5.570457
235.211838 5.541451 11.654816
191.161250 5.283446 5.642602
53.481431 4.957191 6.408458
154.824433 5.404863 11.253066
248.695840 5.543661 10.999485
226.761499 5.532700 11.190274
223.799033 5.531107 11.232927
220.742221 5.524969 10.948471
248.556017 5.543587 11.005957
235.532195 5.543040 11.223613
238.338976 5.557574 12.226384
228.629727 5.534813 11.249087
226.783559 5.532721 11.189506
199.503194 5.488953 11.272687
235.193069 5.541432 11.654149
201.069812 5.508070 12.807056
249.164378 5.542873 11.717871
162.962989 5.433078 11.290269
108.456778 5.378262 22.579878
233.315829 5.539757 11.592710
218.036099 5.523471 11.185601
225.527719 5.530496 11.193111
192.920780 5.294415 5.879071
176.986815 5.458552 11.688722
237.004723 5.544612 11.612745
220.953794 5.528447 11.643183
230.690910 5.535497 11.234130
178.069432 5.445275 11.531348
235.117185 5.541367 11.632269
61.230427 4.932490 5.039497
201.120922 5.508124 12.805036
204.855714 5.508484 11.866003
234.201729 5.540066 11.173179
249.392413 5.544114 11.341982
226.247967 5.532880 11.246388
226.253502 5.532885 11.246291
249.378550 5.543129 11.708745
220.699189 5.526769 11.254498
221.798271 5.527602 11.236529
248.113569 5.543448 11.112016
176.505370 5.473040 12.091803
236.997799 5.544605 11.610916
229.249244 5.647662 20.002655
205.929525 5.512226 11.913713
237.991460 5.543533 11.445621
219.774270 5.525754 11.256424
230.702737 5.535511 11.234218
222.135123 5.528243 10.896970
108.427481 5.380184 24.072286
195.126554 5.503685 11.970902
239.006336 5.533982 11.508003
230.169476 5.534885 11.230245
109.331690 5.379799 23.918575
154.854457 5.253385 6.120987
220.624408 5.526732 11.250071
136.253772 5.383016 16.086458
230.064501 5.536656 11.178609
235.547408 5.543056 11.227633
224.410847 5.530053 11.134763
203.303261 5.509523 11.289576
226.955177 5.516025 11.798751
249.937721 5.543645 11.752003
239.911319 5.535551 11.886652
225.874424 5.532176 11.252939
222.559145 5.528780 10.924785
235.418301 5.542793 11.569665
149.084905 5.426362 13.030803
162.600885 5.439602 11.599886
181.181747 5.448134 11.041947
235.401593 5.542787 11.570408
238.324787 5.544984 11.209170
220.686338 5.526810 11.251614
108.562669 5.378813 22.597350
180.426524 5.464642 11.710772
169.660893 5.429056 11.215617
235.567513 5.542689 11.192416
220.123121 5.524763 10.909285
243.876318 5.550425 11.119626
182.855511 5.485449 12.159118
236.177252 5.543768 11.229388
213.863152 5.520589 11.308600
154.255070 5.403780 11.226846
165.698392 5.423021 11.284627
167.771569 5.428990 11.025493
215.986702 5.520353 11.628997
229.085820 5.535921 11.152734
224.839058 5.530037 11.200905
236.198170 5.543794 11.220191
233.092450 5.540711 11.178227
227.404306 5.531755 11.156463
195.363817 5.504066 11.975628
224.673948 5.530062 11.257651
175.683060 5.440047 11.330320
166.872767 5.429225 11.287037
108.420507 5.378318 22.705467
195.176496 5.503898 11.981051
236.286735 5.544070 11.202546
217.957217 5.523393 11.185248
223.500305 5.528750 11.201000
229.396694 5.535591 10.912357
195.683363 5.504529 11.983932
228.063597 5.534638 11.223510
203.707629 5.512207 11.385358
225.228205 5.531813 11.242287
181.839646 5.467250 11.709335
227.762672 5.531754 11.593859
84.171854 5.278403 18.515536
220.153098 5.526390 11.253112
217.903977 5.523333 11.187395
186.260878 5.494896 19.281079
222.693612 5.529202 11.238409
232.924171 5.540534 11.176946
224.766507 5.529994 11.191154
245.792423 5.553758 22.516204
108.023291 5.376936 23.007560
184.201222 5.483961 11.481287
219.892404 5.525907 11.253814
219.815031 5.525801 11.253959
221.986234 5.528440 11.219987
153.712517 5.255212 6.192394
220.117580 5.526192 11.247607
234.716653 5.540672 19.865437
233.393324 5.539784 11.566933
166.763809 5.439743 11.514107
242.029378 5.542507 11.133825
216.615392 5.533130 12.987562
249.949298 5.543657 11.752281
236.414607 5.544162 11.207275
248.135671 5.543472 11.112672
235.596211 5.542283 11.662890
237.325015 5.542821 11.314686
226.362121 5.530443 11.625922
228.033813 5.535791 11.225709
232.947389 5.540567 11.178688
234.627009 5.540582 19.864493
218.378355 5.523843 11.204074
173.021877 5.435534 11.325482
166.716656 5.439626 11.520213
202.257914 5.516845 19.471478
172.923701 5.435371 11.325507
234.393411 5.540333 11.142724
235.149671 5.541412 11.623193
234.548923 5.539802 11.639355
176.960572 5.458521 11.688847
216.365663 5.524792 18.349632
173.371675 5.289096 6.232617
224.993820 5.530306 11.189132
240.675289 5.538565 11.695947
219.648281 5.525048 11.187822
222.428140 5.528690 10.909930
218.545782 5.524142 11.232620
201.571238 5.508431 12.789619
222.961470 5.529921 11.214680
235.199265 5.541418 11.627593
229.401165 5.535596 10.912358
191.105052 5.313189 6.249235
233.715906 5.542079 11.168230
245.749698 5.553626 22.316674
183.029289 5.485628 12.154418
225.134562 5.531211 11.221050
84.053259 5.278176 18.524725
244.575926 5.538166 11.356034
248.728091 5.542456 11.708500
234.625549 5.540580 19.876849
179.296920 5.446208 11.430880
200.343305 5.510547 14.476282
237.214397 5.543482 11.598103
107.956591 5.376566 22.983826
228.195104 5.535744 11.233655
235.727347 5.533190 11.299150
243.887072 5.550437 11.119554
222.405944 5.524246 11.624630
159.290854 5.416156 11.135261
248.113369 5.543438 11.115979
226.408004 5.531697 11.161358
239.938146 5.547879 22.609750
204.134599 5.511717 11.291107
234.627643 5.540583 19.877926
225.203578 5.532223 11.250494
229.220119 5.535938 11.143418
224.308379 5.529961 11.137456
225.358206 5.532412 11.240345
207.981333 5.514464 11.900314
202.477820 5.508474 11.315357
172.411318 5.452922 11.781717
166.763450 5.429253 11.318847
236.964594 5.544565 11.607862
191.105591 5.313182 6.248970
224.987453 5.640433 21.372328
223.146276 5.529426 10.907871
226.136150 5.531325 11.158447
231.915245 5.535501 11.012800
150.072373 5.402576 11.071893
242.040897 5.542513 11.133816
238.957441 5.547126 11.154780
230.744172 5.535559 11.234527
211.480045 5.528235 12.967070
231.932889 5.535500 11.013504
201.607468 5.507543 11.318410
237.523029 5.545210 11.628618
71.632491 5.061513 7.164997
237.289892 5.539769 11.214399
237.387086 5.539833 11.208661
220.062690 5.526131 11.247878
249.968544 5.545471 10.911998
242.944886 5.551821 11.621019
184.256817 5.484022 11.480674
236.168935 5.539288 11.291342
169.782777 5.448715 11.834245
239.556934 5.543737 11.293058
228.075250 5.535843 11.225482
221.656458 5.528028 11.221198
239.442730 5.547469 11.226537
169.187430 5.438007 14.968114
221.763305 5.528192 11.219969
156.781372 5.417075 11.304330
219.583910 5.525062 11.186965
107.166408 5.377108 24.122901
229.569967 5.533961 11.224076
223.281286 5.529154 11.203834
190.252575 5.308721 6.142490
238.772839 5.545630 11.196131
192.917817 5.294422 5.879482
227.452285 5.534975 11.200712
149.186377 5.397705 11.428604
234.002692 5.539551 11.246569
122.160393 5.415320 17.578017
233.058371 5.534987 11.303972
123.967048 5.420123 17.338607
243.059941 5.549746 11.109742
223.300317 5.529174 11.203729
241.420869 5.550064 11.588646
222.388209 5.528251 11.224597
163.098222 5.420114 11.429656
136.879271 5.376688 11.438503
169.283776 5.438240 14.994786
240.033952 5.548312 11.170659
222.801330 5.529334 11.236415
241.550595 5.547449 11.323486
223.168179 5.530507 11.226740
181.409521 5.465788 11.700926
190.124997 5.308145 6.130194
62.183428 5.018666 16.677902
219.028147 5.525141 11.269024
208.460490 5.514909 11.880734
220.969387 5.522467 11.120671
212.184911 5.517651 11.793812
229.225601 5.535945 11.143425
214.071936 5.507540 10.905387
107.969021 5.376582 22.982578
158.654625 5.413274 11.429359
245.759233 5.553633 22.317404
212.821903 5.518590 11.778524
225.586343 5.530800 11.657269
238.894577 5.546617 11.168862
237.543661 5.545235 11.629470
227.122840 5.533538 11.138126
234.044758 5.539501 11.614115
219.650785 5.525165 11.188398
234.404549 5.539833 11.625662
220.969078 5.522463 11.120582
242.503561 5.549967 20.868624
193.944286 5.491883 12.106974
187.296115 5.296776 5.862451
241.427341 5.550073 11.588917
203.267103 5.516609 24.203571
223.777647 5.530284 11.214209
225.303852 5.530540 11.680423
150.386017 5.427764 12.908668
158.414590 5.412619 11.428179
214.326040 5.532580 19.135429
109.961902 5.382046 22.197366
248.780503 5.542506 11.713129
37.035457 4.924408 16.484277
241.896304 5.547770 11.269400
230.283689 5.537250 11.153978
227.443420 5.534936 11.201100
218.376924 5.523937 11.233218
87.806721 5.292980 19.149071
188.962646 5.496171 11.945732
242.667394 5.544654 11.230842
229.779122 5.536630 11.141827
176.471490 5.472111 12.744722
237.230401 5.542741 11.309136
216.179038 5.520509 11.729139
243.382537 5.546306 11.267617
136.756780 5.376431 11.438361
213.625092 5.531567 19.619810
247.185037 5.547105 10.948142
233.466979 5.537979 11.228907
215.988366 5.534717 19.623066
157.523661 5.411121 11.431526
218.687824 5.524489 11.238699
233.522276 5.538818 11.255224
243.075838 5.546036 11.272997
242.849022 5.546042 11.254368
203.670430 5.509607 11.853173
224.501799 5.530402 11.328230
109.482803 5.381200 22.527369
240.097527 5.548395 11.168542
224.538479 5.530862 11.220142
217.821598 5.521506 11.210811
164.770303 5.264623 5.505159
224.168634 5.529811 11.140651
167.857453 5.429775 11.500848
216.143545 5.520461 11.734667
222.371186 5.528420 11.227329
173.869238 5.449533 11.711156
167.982399 5.429856 11.532401
227.607318 5.535214 11.195315
242.540489 5.545847 11.241447
169.255527 5.438072 14.925586
244.840339 5.547521 11.255978
248.790070 5.542505 11.713571
241.463127 5.550126 11.588983
239.008665 5.533986 11.507985
227.435705 5.520149 11.418103
237.103380 5.543350 11.258027
220.740703 5.524962 10.948528
222.459183 5.527205 11.244275
107.620940 5.378771 24.350382
218.368864 5.523913 11.210857
216.020000 5.522186 11.652375
173.665790 5.449224 11.670822
234.544440 5.539799 11.639461
223.328158 5.530305 11.194626
222.286717 5.529585 11.211062
184.255931 5.484021 11.480686
173.628743 5.454378 11.348283
218.366921 5.523907 11.205467
223.779379 5.530238 11.204927
156.915334 5.241718 5.789506
209.652853 5.515975 13.558899
239.478318 5.546038 11.327474
228.867525 5.535983 11.171179
193.331775 5.500240 11.755753
249.120428 5.544509 10.917425
218.692825 5.524192 11.205214
168.053570 5.430010 11.526065
249.068256 5.544492 10.919936
158.775348 5.431949 11.006374
225.631062 5.532786 11.233708
189.498575 5.496912 12.021600
225.958060 5.530093 11.672665
235.133960 5.541389 11.632372
225.766513 5.531915 11.236500
228.868485 5.535985 11.171185
224.856270 5.530961 11.236783
233.628407 5.539733 11.136276
223.330514 5.530308 11.194677
226.135491 5.531325 11.158556
226.338133 5.532154 11.180250
224.497288 5.530191 11.121035
235.666873 5.537994 11.251873
226.818820 5.533201 11.137332
178.135042 5.475713 12.112065
234.559045 5.539814 11.638726
229.936767 5.536248 11.888946
216.070726 5.520391 11.741801
115.641630 5.397989 18.441854
173.971834 5.272400 5.998734
231.585510 5.537434 11.175532
68.578184 5.156718 17.502866
234.075439 5.543858 22.296077
226.188991 5.533441 11.234796
248.756588 5.542470 11.710530
240.232868 5.546993 11.279732
237.429471 5.540796 11.217987
217.477257 5.522662 11.235348
184.196916 5.452848 9.951159
112.589006 5.389860 19.451485
228.159805 5.535342 11.241102
233.480617 5.538006 11.234678
203.194078 5.516508 24.130719
227.404388 5.533296 11.222841
206.779931 5.513883 11.517311
228.103006 5.534042 11.225939
235.832004 5.533449 11.446948
233.958614 5.543712 22.261715
181.190380 5.465201 11.698057
156.486394 5.408843 11.416885
188.988170 5.496230 12.003418
217.757484 5.521758 11.252704
234.418381 5.539848 11.626411
170.320825 5.449091 11.775148
215.986610 5.520353 11.628874
221.121847 5.525432 10.962889
216.721720 5.520667 11.659241
235.135327 5.541390 11.632438
66.141144 5.036654 15.430199
222.484209 5.527487 11.250803
108.059405 5.379312 24.308158
204.290548 5.510461 11.855633
244.815640 5.547503 11.255822
190.757824 5.478411 11.285953
108.421324 5.379792 23.855367
226.980589 5.531282 11.584234
237.369930 5.542885 11.293394
227.434995 5.534046 11.208663
231.543632 5.537224 11.183438
223.052720 5.529650 11.200180
233.342478 5.538645 11.188717
231.908277 5.537065 11.194171
157.110371 5.409991 11.421492
154.310044 5.403887 11.228118
217.446963 5.521535 11.260189
224.858451 5.530963 11.236826
249.071282 5.544479 10.918820
175.152875 5.457025 11.483429
235.179235 5.541457 11.643305
248.780183 5.542495 11.712673
213.347042 5.518093 12.762909
173.705343 5.259958 5.655829
238.351482 5.545934 11.169357
66.290625 5.044018 15.557331
159.543531 5.413997 10.885471
240.053717 5.545140 10.933517
243.928219 5.546857 11.250215
168.154624 5.430343 11.506831
240.097837 5.546830 11.279089
246.079841 5.554052 22.501939
231.985917 5.536399 11.754364
183.106560 5.482557 11.357831
216.008883 5.521079 12.098051
248.650249 5.544769 11.731195
42.476706 4.956511 14.025621
226.732573 5.533499 11.211035
213.324759 5.519326 12.155112
225.221795 5.530674 11.135337
249.274840 5.545059 11.753333
226.276146 5.531720 11.153353
237.375728 5.542889 11.293448
174.870260 5.456649 11.496479
224.035206 5.529489 11.232397
231.992216 5.536383 11.763470
225.196927 5.530547 11.171526
184.024501 5.483566 11.350991
249.817004 5.557848 11.329235
241.987731 5.549360 24.594678
178.107571 5.445341 11.531121
248.603560 5.542466 11.720457
109.636344 5.381787 22.363731
223.368986 5.528773 11.250515
212.745815 5.531279 13.069757
235.118799 5.541392 11.640222
238.865380 5.546580 11.168888
168.255680 5.446522 11.788058
220.822187 5.525905 11.246690
230.452998 5.534350 11.246831
240.105176 5.548400 11.167737
154.284138 5.404523 11.361587
237.318937 5.544616 20.240246
220.295449 5.525394 11.244904
215.303545 5.520619 12.113045
235.108355 5.542054 11.183244
219.432313 5.525134 11.240169
226.098545 5.531279 11.157519
242.203842 5.545365 11.239626
239.802859 5.544895 11.287751
239.219261 5.540866 11.370245
247.321533 5.554939 11.307950
225.364286 5.530568 11.175190
233.724788 5.543192 21.673631
220.383058 5.525499 11.242143
240.979270 5.547355 11.632385
203.471178 5.525184 18.469213
213.413795 5.518867 12.105173
223.004091 5.528178 11.219578
108.714945 5.380558 23.658253
243.086983 5.549779 11.111000
224.785849 5.531476 11.239123
173.246364 5.257297 5.599776
238.969719 5.545841 11.210326
226.245388 5.531877 11.118899
222.462492 5.527210 11.244230
241.120549 5.544317 11.294157
242.212710 5.545365 11.237645
216.461987 5.524884 18.377859
229.379919 5.536160 11.116672
169.337248 5.438376 14.868468
190.991816 5.478541 11.439099
225.967110 5.531447 11.153681
223.311020 5.528887 11.226093
46.703487 5.004080 22.417660
242.930485 5.550373 22.012198
181.190386 5.465201 11.698057
226.230335 5.531828 11.180701
74.222167 4.999524 5.406272
86.396884 5.286084 19.518123
189.028929 5.496271 12.002304
223.518416 5.528898 11.195511
217.285211 5.534353 13.006912
215.845230 5.522029 11.648333
152.735444 5.402061 11.362917
217.331078 5.534031 12.949089
226.101546 5.531288 11.157641
223.002405 5.528175 11.219655
249.456184 5.543287 11.719322
225.275338 5.530632 11.148993
87.829215 5.293090 19.143182
223.256590 5.528171 11.119061
239.024016 5.534000 11.508371
86.460667 5.286396 19.501426
109.637147 5.381789 22.362602
249.689811 5.543331 11.709353
215.987604 5.534723 19.621419
225.171940 5.531255 11.250931
190.989765 5.478540 11.437756
233.846454 5.536906 11.326953
242.932726 5.550375 22.012906
225.749948 5.531789 11.254696
224.067023 5.529447 11.201946
173.756523 5.450527 11.456930
217.322666 5.534005 12.949539
238.069213 5.541409 11.313863
245.162937 5.552357 11.296698
194.275323 5.503434 23.814656
249.658475 5.543313 11.708778
53.185514 4.956297 6.410402
235.133545 5.540357 11.010416
242.454870 5.545684 11.240257
237.427051 5.544727 20.143701
229.159390 5.533472 11.187495
176.007430 5.262508 5.639036
202.721792 5.493822 11.275758
238.078524 5.541424 11.313840
225.434209 5.530577 11.188125
233.187303 5.537074 11.297051
86.477230 5.286543 19.505447
241.467993 5.551240 11.142145
175.491095 5.263390 5.652323
218.916791 5.524605 11.188608
226.131385 5.530569 11.722073
111.636714 5.388988 22.208799
225.043963 5.530335 11.127749
230.392167 5.535598 11.182462
233.340412 5.539765 11.659494
245.795090 5.553329 11.292364
224.623909 5.529567 11.197406
223.282679 5.529103 11.167544
237.567287 5.544906 20.247279
123.529210 5.349082 11.320306
223.176648 5.529030 11.256063
220.340589 5.525927 11.243758
160.597964 5.414765 11.357783
219.635084 5.526106 11.265524
232.806874 5.539172 11.630366
111.720074 5.389228 22.167445
108.656812 5.380480 23.739927
223.251433 5.527562 10.891746
225.848636 5.531236 11.248925
168.044305 5.429992 11.525997
220.735590 5.527303 11.229683
54.331589 5.046362 12.776184
225.625562 5.532736 11.214642
218.945420 5.524632 11.188429
230.252275 5.534129 11.199559
216.034731 5.534791 19.633939
115.642812 5.397992 18.441463
189.503789 5.496714 11.999664
87.823810 5.292662 19.114448
220.413320 5.524917 11.072864
157.011496 5.246236 5.934906
217.674339 5.534173 12.223586
249.358003 5.543026 11.717088
233.679387 5.543144 21.663699
237.938679 5.545173 19.309554
145.419158 5.393516 11.383052
177.094766 5.468872 10.972086
249.427119 5.543092 11.715177
225.447191 5.530069 10.799194
112.502736 5.390386 21.581626
226.063355 5.533580 11.232305
160.115157 5.413870 11.361622
234.535929 5.539779 11.640689
225.428305 5.530042 10.799394
167.374163 5.429207 11.373194
72.479570 5.173165 11.104145
226.913745 5.532334 11.259662
232.604613 5.536498 11.184310
226.089473 5.531467 11.245402
182.992100 5.485581 12.147673
228.150334 5.533226 11.269663
232.897625 5.538177 11.185004
243.089890 5.549785 11.110942
225.323709 5.530722 11.213370
228.161748 5.533235 11.269070
108.660624 5.380485 23.739422
249.299827 5.545052 11.753698
165.413966 5.459155 12.984268
248.960183 5.542683 11.716821
211.975557 5.528342 12.920448
229.334471 5.647961 20.015239
239.621423 5.534661 11.512199
227.022228 5.532212 11.162967
216.464844 5.524887 18.376626
241.990811 5.549363 24.581776
228.145157 5.533196 11.271145
223.611187 5.529446 11.120492
45.646050 5.000278 22.442478
226.070383 5.531449 11.243788
108.718888 5.380563 23.657274
168.040463 5.429985 11.526015
224.123603 5.530623 11.132047
241.411465 5.550074 11.587458
232.864461 5.538155 11.185233
184.241980 5.483918 11.406861
241.965854 5.551584 11.122131
226.526356 5.532555 11.157071
241.486828 5.540931 10.886649
227.628262 5.533595 11.138804
150.161595 5.427572 12.944407
245.173543 5.552369 11.296880
156.848973 5.245810 5.931949
217.682575 5.534170 12.222598
221.073350 5.525445 11.242558
112.611782 5.390715 21.043064
225.751927 5.529989 11.671923
225.155485 5.529899 11.148846
222.656428 5.527267 11.017814
226.094416 5.531465 11.243767
112.498573 5.390373 21.602189
54.995037 5.049882 12.037820
241.759702 5.551533 11.110900
216.046997 5.534798 19.630516
167.245134 5.269317 5.471266
225.797051 5.531174 11.241212
162.354470 5.417969 11.357248
220.823746 5.525110 10.957555
223.806833 5.529134 11.036447
212.140156 5.528417 12.904788
226.076386 5.530274 11.740484
222.212737 5.527945 11.201227
161.078764 5.415619 11.369098
184.218103 5.483949 11.421014
222.362895 5.528275 11.195781
234.748671 5.540136 11.600160
235.839156 5.543142 11.174656
242.236308 5.545387 11.236424
86.456257 5.286448 19.511536
74.288795 4.999822 5.410401
230.738081 5.535552 11.234497
235.515214 5.540959 11.620205
239.746380 5.544842 11.287445
229.195244 5.535403 11.875121
241.775328 5.551546 11.109954
216.142624 5.519850 10.902758
227.161948 5.531535 11.651687
167.731349 5.429624 11.455118
202.603498 5.516215 24.569938
230.383505 5.535589 11.182452
216.737015 5.520583 10.912364
151.535546 5.401924 11.387034
112.588869 5.390646 21.156229
244.229743 5.544988 10.782904
165.341607 5.459047 12.975168
218.458826 5.521743 11.060254
242.482532 5.549943 20.852784
123.941312 5.420101 17.342313
219.685392 5.526313 11.307398
203.477412 5.525190 18.469004
223.807247 5.529135 11.036711
153.967388 5.406205 11.375246
115.765578 5.398457 18.438493
235.619730 5.533168 11.447552
153.593937 5.411461 11.543642
248.865789 5.544751 11.743969
215.822002 5.521966 11.644489
155.584294 5.242042 5.923960
230.572959 5.535860 11.242231
226.183873 5.533774 11.238625
120.391837 5.416521 20.731635
159.611252 5.413342 11.379026
238.528669 5.542334 10.843633
230.387133 5.535594 11.183597
223.973153 5.529428 11.204717
240.066761 5.547038 11.267895
241.064129 5.544262 11.297077
213.940721 5.531303 12.910127
224.698909 5.530384 11.181542
168.156557 5.430346 11.506821
216.750076 5.520598 10.912544
248.733797 5.544794 11.742102
73.553783 4.997907 5.408644
249.091833 5.544931 11.715660
230.068574 5.536673 10.770672
249.132748 5.544915 11.720378
219.599729 5.526243 11.312230
162.484429 5.445740 12.844063
234.527272 5.539784 11.645571
112.525176 5.390392 21.597148
227.345122 5.533245 11.182574
242.210198 5.545365 11.236312
223.829401 5.529175 11.036471
219.652035 5.525166 11.188398
247.180526 5.543218 11.680963
238.156986 5.557348 12.233508
112.588869 5.390645 21.154874
115.752858 5.398422 18.442549
229.024128 5.535230 11.878646
231.973473 5.536375 11.759256
222.410045 5.528362 11.198136
240.978984 5.547354 11.630630
175.172475 5.457132 11.424840
219.037730 5.522333 11.062397
200.882655 5.513446 18.963688
240.064330 5.547034 11.267699
228.390165 5.554714 15.910160
183.005479 5.485602 12.156147
245.468195 5.540812 11.676866
233.160326 5.538470 11.186999
43.713630 4.996371 22.683575
227.061614 5.534767 11.243507
70.455888 5.057920 7.134487
161.631019 5.418290 11.363180
176.644264 5.471485 12.795780
233.056809 5.537073 10.926185
229.312188 5.535512 12.027922
112.508565 5.389773 19.461802
73.670571 4.998410 5.415283
46.932595 5.011640 19.645983
203.912796 5.526802 20.720283
245.480484 5.540826 11.677042
229.689446 5.538243 18.740267
226.831619 5.532860 11.146306
242.019910 5.549395 24.586721
223.840648 5.529188 11.036010
226.216296 5.531567 11.234469
231.036697 5.536375 11.188663
149.990173 5.232379 5.946839
215.993561 5.520362 11.628218
223.791702 5.529102 11.042970
150.014279 5.232401 5.943417
230.570659 5.535857 11.242157
55.045706 5.052503 12.195393
226.818751 5.532844 11.146404
158.113023 5.412370 11.370295
223.598230 5.528986 11.056297
238.842222 5.558598 12.240868
166.185496 5.427507 11.368132
223.537075 5.528926 11.052905
241.997602 5.545192 11.235543
165.302948 5.459000 12.976259
159.480450 5.413782 11.363841
223.743648 5.511629 11.439671
159.608463 5.413338 11.379043
163.912075 5.421372 11.368733
205.831294 5.511449 13.756037
