# Spherically averaged Power Spectra n_k=16
# k_min (h cMpc^-1), k_max (h cMpc^-1), k_mean (h cMpc^-1), k_std (h cMpc^-1), \Delta^2 (mK^2), \Delta_err^2 (mK^2), N_eff
# 
    0.05244831     0.06541884     0.06088525     0.00283366     9.39509683     4.75992263     3.89585455
    0.06541884     0.08159699     0.07564417     0.00168283    18.75220334     9.37716398     3.99909376
    0.08159699     0.10177602     0.08862046     0.00501456    33.06911999    12.51413200     6.98302847
    0.10177602     0.12694534     0.11595020     0.00732571    64.07284065    12.52991313    26.14880446
    0.12694534     0.15833907     0.14342258     0.00778779   142.00221857    23.58388211    36.25431206
    0.15833907     0.19749649     0.17782122     0.01076718   267.52143211    30.59870625    76.43830228
    0.19749649     0.24633760     0.22354712     0.01259875   601.75407168    56.53940857   113.27538647
    0.24633760     0.30725716     0.27711463     0.01600361  1342.47026054   110.32548967   148.06677590
    0.30725716     0.38324220     0.34572030     0.02212761  2705.28880795   217.00123656   155.41855054
    0.38324220     0.47801842     0.42607102     0.02560723  5123.14615829   371.50935614   190.16648579
    0.47801842     0.59623292     0.53418447     0.03650470  9025.34857078   608.00433970   220.35078886
    0.59623292     0.74368198     0.66465599     0.04023246 18474.90751141  1112.28909737   275.88569682
    0.74368198     0.92759537     0.83570343     0.05735492 33610.62742210  1793.15356040   351.33245761
    0.92759537     1.15699074     1.04677906     0.06336967 71112.44032032  3497.10218782   413.49905258
    1.15699074     1.44311584     1.23841710     0.04437725 116801.31320638  6862.79844540   289.66295898
