# Spherically averaged Power Spectra n_k=16
# k_min (h cMpc^-1), k_max (h cMpc^-1), k_mean (h cMpc^-1), k_std (h cMpc^-1), \Delta^2 (mK^2), \Delta_err^2 (mK^2), N_eff
# 
    0.05117987     0.06393446     0.05954098     0.00282196    10.27414268     5.19946059     3.90458251
    0.06393446     0.07986764     0.07424493     0.00167110    18.51786814     9.26031435     3.99880766
    0.07986764     0.09977154     0.08712769     0.00497019    37.05468198    14.02177994     6.98360853
    0.09977154     0.12463571     0.11371649     0.00711162    74.68236239    14.64698512    25.99798050
    0.12463571     0.15569632     0.14090036     0.00773237   158.21484367    26.41000337    35.88868451
    0.15569632     0.19449757     0.17425242     0.01067569   299.60898063    34.92802530    73.58030572
    0.19449757     0.24296852     0.21987595     0.01266984   709.28382526    67.96731170   108.90302090
    0.24296852     0.30351897     0.27289460     0.01526435  1559.00395235   135.74588670   131.89887003
    0.30351897     0.37915927     0.34255484     0.02301770  3024.94850016   250.62779700   145.67247430
    0.37915927     0.47364996     0.42585475     0.02674041  5919.15838123   460.38412071   165.30243455
    0.47364996     0.59168879     0.53351567     0.03758374 10342.43108667   700.43727206   218.02524125
    0.59168879     0.73914420     0.67056861     0.04237163 21710.21241853  1398.54352735   240.97732006
    0.73914420     0.92334714     0.83128226     0.05216511 41242.75798791  2291.44242778   323.94963821
    0.92334714     1.15345549     1.03958998     0.06742092 76902.05485865  3994.30384911   370.67533723
    1.15345549     1.44090939     1.21912502     0.03815607 136309.55996669  8773.23684416   241.39758666
