# Spherically averaged Power Spectra n_k=16
# k_min (h cMpc^-1), k_max (h cMpc^-1), k_mean (h cMpc^-1), k_std (h cMpc^-1), \Delta^2 (mK^2), \Delta_err^2 (mK^2), N_eff
# 
    0.06279699     0.07745014     0.07195222     0.00299088     3.82373351     1.94928114     3.84792210
    0.07745014     0.09552247     0.08760129     0.00181146     8.02123873     4.01072541     3.99978848
    0.09552247     0.11781183     0.10500712     0.00805215    11.63181232     3.88053422     8.98486874
    0.11781183     0.14530223     0.13297947     0.00715408    25.02705926     5.49217947    20.76491717
    0.14530223     0.17920727     0.16197767     0.00936646    45.82580623     7.31485577    39.24720141
    0.17920727     0.22102377     0.20193770     0.01082592    94.37598867    10.89855378    74.98688027
    0.22102377     0.27259779     0.24831820     0.01561688   197.23786185    16.94445955   135.49558026
    0.27259779     0.33620617     0.30540992     0.01961445   409.76028611    27.10255920   228.58047209
    0.33620617     0.41465703     0.37627763     0.02307275   874.14060675    48.44058505   325.64456243
    0.41465703     0.51141373     0.46090799     0.02642899  1904.45110790    95.15845204   400.53910038
    0.51141373     0.63074779     0.56687321     0.03434465  3521.07784106   169.85729202   429.71732189
    0.63074779     0.77792744     0.70321188     0.04328246  6373.75368775   290.66335772   480.85039833
    0.77792744     0.95945022     0.86292281     0.04999477 11852.23555039   490.95644515   582.79338899
    0.95945022     1.18332979     1.06929164     0.06847513 21156.22100494   786.44726814   723.66400929
    1.18332979     1.45944977     1.32216353     0.07623952 41291.32351131  1415.75234025   850.63457418
    1.45944977     1.80000000     1.52140247     0.03602677 66343.39622499  3271.24121265   411.31094089
