# Spherically averaged Power Spectra n_k=16
# k_min (h cMpc^-1), k_max (h cMpc^-1), k_mean (h cMpc^-1), k_std (h cMpc^-1), \Delta^2 (mK^2), \Delta_err^2 (mK^2), N_eff
# 
    0.05868603     0.07268685     0.06750374     0.00292434     5.94920301     3.02269425     3.87372815
    0.07268685     0.09002786     0.08273494     0.00175303    10.64253940     5.32129663     3.99995952
    0.09002786     0.11150595     0.09948808     0.00772066    19.34086526     6.45447177     8.97904996
    0.11150595     0.13810810     0.12698227     0.00713304    35.29046793     7.42020562    22.61949756
    0.13810810     0.17105677     0.15504281     0.00890581    69.24176677    11.07557195    39.08444560
    0.17105677     0.21186606     0.19373517     0.01088141   141.92688383    15.88819148    79.79586825
    0.21186606     0.26241128     0.24031593     0.01437672   299.91028352    25.91397095   133.94138325
    0.26241128     0.32501515     0.29555196     0.01829103   640.79983798    44.81038337   204.49724787
    0.32501515     0.40255453     0.36401514     0.02157864  1401.74233166    85.96021632   265.91410742
    0.40255453     0.49859261     0.45193744     0.02817259  2801.23113114   165.31405582   287.12983830
    0.49859261     0.61754263     0.56133727     0.03556657  5156.05249468   282.55041338   332.99887525
    0.61754263     0.76487076     0.69186718     0.04034057  9619.16742673   484.39618050   394.34246584
    0.76487076     0.94734719     0.85278239     0.05078207 17250.38741799   795.93093750   469.72852534
    0.94734719     1.17335731     1.05978546     0.06649409 32250.86810847  1328.54150669   589.29473880
    1.17335731     1.45328702     1.31985133     0.08194506 61942.61763384  2340.04531555   700.69750826
    1.45328702     1.80000000     1.46471580     0.01057755 156244.64550814 13279.76162777   138.42984323
