# Spherically averaged Power Spectra n_k=16
# k_min (h cMpc^-1), k_max (h cMpc^-1), k_mean (h cMpc^-1), k_std (h cMpc^-1), \Delta^2 (mK^2), \Delta_err^2 (mK^2), N_eff
# 
    0.05530110     0.06874916     0.06388995     0.00287516     8.80011262     4.46195518     3.88978908
    0.06874916     0.08546752     0.07884714     0.00171232    15.59660318     7.79850771     3.99978855
    0.08546752     0.10625143     0.09211893     0.00513874    27.07125913    10.23939139     6.98986236
    0.10625143     0.13208954     0.11986255     0.00734678    52.16302932    10.55165284    24.43906696
    0.13208954     0.16421095     0.14801957     0.00872118   102.56589003    16.51578216    38.56626795
    0.16421095     0.20414361     0.18524778     0.01078881   202.14528673    22.66232469    79.56431430
    0.20414361     0.25378705     0.23200624     0.01358039   446.14435547    39.62424467   126.77359681
    0.25378705     0.31550273     0.28668730     0.01675094   968.89948926    73.23566216   175.02989358
    0.31550273     0.39222638     0.35185665     0.01981322  2045.69210660   142.52566656   206.01288181
    0.39222638     0.48760761     0.43810732     0.02851923  3694.83034115   240.61124164   235.80726118
    0.48760761     0.60618354     0.54753484     0.03208743  7150.19653742   438.04314994   266.44168547
    0.60618354     0.75359467     0.68281066     0.04379557 13045.31688378   727.58888981   321.46755595
    0.75359467     0.93685308     0.84929913     0.05151519 25644.33806017  1279.60607905   401.63393249
    0.93685308     1.16467609     1.05285985     0.06400313 48219.14185299  2195.43086945   482.39124959
    1.16467609     1.44790088     1.27888916     0.06389750 89101.61474501  4068.80580611   479.55367567
