# Spherically averaged Power Spectra n_k=16
# k_min (h cMpc^-1), k_max (h cMpc^-1), k_mean (h cMpc^-1), k_std (h cMpc^-1), \Delta^2 (mK^2), \Delta_err^2 (mK^2), N_eff
# 
    0.05000014     0.06255184     0.05829029     0.00282337    15.09783523     7.62830562     3.91717699
    0.06255184     0.07825442     0.07295498     0.00166090    32.22527534    16.11599360     3.99833428
    0.07825442     0.09789888     0.08572362     0.00492501    55.18570336    20.88920367     6.97926029
    0.09789888     0.12247475     0.11167895     0.00693327    95.72854629    18.84042005    25.81676164
    0.12247475     0.15321997     0.13856084     0.00770029   201.58659458    33.81727340    35.53416540
    0.15321997     0.19168327     0.17087105     0.01062376   361.95148437    43.09800725    70.53202363
    0.19168327     0.23980213     0.21603335     0.01254769   828.61702491    81.87722135   102.41923153
    0.23980213     0.30000043     0.26825220     0.01475492  1821.53149565   167.57455523   118.15639149
    0.30000043     0.37531049     0.33761358     0.02317090  3390.69145240   291.73147840   135.08588027
    0.37531049     0.46952587     0.42528820     0.02789878  6725.44980515   542.82254378   153.50655298
    0.46952587     0.58739245     0.53118862     0.03512505 12795.40907294   892.69521471   205.44800880
    0.58739245     0.73484744     0.66789639     0.04228690 24651.68062712  1601.66271664   236.89229359
    0.73484744     0.91931854     0.82471551     0.04673575 47624.88198041  2954.15038931   259.89781233
    0.91931854     1.15009800     1.02966747     0.07087001 89733.46100238  4538.05468433   390.99336500
    1.15009800     1.43881076     1.20501712     0.02635968 148903.80172324 11778.66840584   159.81560410

