# Spherically averaged Power Spectra n_k=16
# k_min (h cMpc^-1), k_max (h cMpc^-1), k_mean (h cMpc^-1), k_std (h cMpc^-1), \Delta^2 (mK^2), \Delta_err^2 (mK^2), N_eff
# 
    0.05691693     0.07063068     0.06561762     0.00288795     6.59621167     3.34989774     3.87727020
    0.07063068     0.08764867     0.08068334     0.00173091    13.27521291     6.63782325     3.99973873
    0.08764867     0.10876703     0.09415180     0.00521914    22.00584759     8.32150272     6.99314740
    0.10876703     0.13497372     0.12265512     0.00765592    42.44422636     8.56942381    24.53205900
    0.13497372     0.16749473     0.15135034     0.00879595    85.21401152    13.66866353    38.86600618
    0.16749473     0.20785147     0.18968414     0.01102921   171.25088074    18.94432552    81.71604376
    0.20785147     0.25793189     0.23639346     0.01361175   371.06491622    32.65862269   129.09340556
    0.25793189     0.32007885     0.29118831     0.01768782   783.52808573    56.68126805   191.08650706
    0.32007885     0.39719970     0.35826854     0.02054026  1732.75973932   112.89686378   235.56618138
    0.39719970     0.49290231     0.44542428     0.02815550  3251.99520986   203.19037542   256.14950972
    0.49290231     0.61166383     0.55549331     0.03384259  6107.71891118   352.61325456   300.02733003
    0.61166383     0.75904013     0.68531004     0.04029982 11400.95354163   623.84225798   333.98946827
    0.75904013     0.94192577     0.85044739     0.05653987 20602.56829763   982.17957286   440.00836196
    0.94192577     1.16887649     1.05873488     0.06572217 40305.45247291  1774.63308682   515.83458066
    1.16887649     1.45050945     1.30105548     0.07608426 76978.81844954  3052.48450040   635.96841442
    1.45050945     1.80000000     1.45610135     0.00495128 1456240.28523362 168900.05326376    74.33725313
