# Spherically averaged Power Spectra n_k=16
# k_min (h cMpc^-1), k_max (h cMpc^-1), k_mean (h cMpc^-1), k_std (h cMpc^-1), \Delta^2 (mK^2), \Delta_err^2 (mK^2), N_eff
# 
    0.06063487     0.07494744     0.07075193     0.00291419     5.16283748     2.62384524     3.87168910
    0.07494744     0.09263843     0.08599709     0.00176010     8.40192222     4.20119180     3.99956073
    0.09263843     0.11450529     0.09968410     0.00533744    14.92011532     5.64305759     6.99061517
    0.11450529     0.14153373     0.12915134     0.00816357    31.30015230     6.56536255    22.72874599
    0.14153373     0.17494210     0.15873536     0.00910284    56.84202961     9.08938576    39.10840300
    0.17494210     0.21623635     0.19806808     0.01064898   116.72869719    13.59428141    73.72975065
    0.21623635     0.26727792     0.24348116     0.01539433   242.90539570    21.09951198   132.53467061
    0.26727792     0.33036761     0.29922976     0.01939363   515.38261077    35.39407654   212.03050651
    0.33036761     0.40834933     0.37002075     0.02345639  1100.33934529    64.44810413   291.49626372
    0.40834933     0.50473826     0.45414195     0.02556951  2370.18841524   130.16533855   331.56985369
    0.50473826     0.62387934     0.55841752     0.03399437  4132.92527032   216.24106567   365.29082091
    0.62387934     0.77114311     0.69643364     0.04444202  7575.94738692   368.56923022   422.50879013
    0.77114311     0.95316780     0.86076362     0.05222389 14430.56104372   643.79438182   502.42595623
    0.95316780     1.17815857     1.06380154     0.06656946 26716.74134313  1047.55382754   650.45053574
    1.17815857     1.45625733     1.31501986     0.07759889 50540.82091849  1885.09220985   718.81873206
    1.45625733     1.80000000     1.47104724     0.01358031 82966.84513883  6358.14994466   170.27371866
