0.031623 0.064450
0.040296 0.071895
0.051348 0.128325
0.065432 0.216921
0.083378 0.249202
0.106247 0.272757
0.135388 0.294906
0.172521 0.223706
0.219839 0.303534
0.280136 0.594707
0.356970 1.287589
0.454878 2.386188
0.579639 4.430706
0.738620 7.646152
0.941205 15.198162
1.199354 135.533132
1.528307 299476.749109
1.947483 5025463282179071.000000
2.481629 38385343813213153987510428662169088127139840.000000
3.162278 857186380267972821411680908006004485443134658395694537141011599584568254784951883746832187391081530012836667850752.000000
