0.031623 0.782297
0.040296 0.705505
0.051348 1.036180
0.065432 1.725784
0.083378 1.981047
0.106247 1.630734
0.135388 1.569847
0.172521 1.247170
0.219839 1.241716
0.280136 2.032349
0.356970 3.610437
0.454878 6.525407
0.579639 11.958258
0.738620 22.077819
0.941205 51.612281
1.199354 591.151706
1.528307 1576084.417672
1.947483 17885205699437728.000000
2.481629 12561951828627507140323894705764828486565888.000000
3.162278 104562087583956531281714027886062445203643591231918627622722042987817528656163622528209141231787592015463579648.000000
