0.050000 0.753437
0.079592 0.859362
0.109184 1.200051
0.138776 1.125866
0.168367 1.336029
0.197959 1.743166
0.227551 2.307340
0.257143 3.127859
0.286735 4.209078
0.316327 5.242367
0.345918 6.101120
0.375510 7.098260
0.405102 8.666928
0.434694 10.871299
0.464286 13.518403
0.493878 16.156004
0.523469 18.563084
0.553061 20.781217
0.582653 22.972990
0.612245 25.370028
0.641837 28.124071
0.671429 31.398352
0.701020 35.418055
0.730612 40.499493
0.760204 47.097666
0.789796 55.884588
0.819388 67.880581
0.848980 84.679414
0.878571 108.844607
0.908163 144.627459
0.937755 199.309206
0.967347 285.795069
0.996939 427.809951
1.026531 670.708526
1.056122 1104.896470
1.085714 1918.810916
1.115306 3524.387354
1.144898 6869.007200
1.174490 14252.177328
1.204082 31583.728393
1.233673 74999.528558
1.263265 191462.909322
1.292857 527181.039806
1.322449 1570731.466363
1.352041 5080765.652436
1.381633 17900265.254294
1.411224 68914542.516610
1.440816 290871667.981038
1.470408 1350358626.637085
1.500000 6917863811.960915
