32.819570 4.740079 14.401159
36.064835 4.785101 13.509001
34.040062 4.801744 13.350138
26.017995 4.655747 17.470054
25.966013 4.583908 13.440894
43.459400 4.934096 16.849521
41.346562 4.870726 11.597876
22.804519 4.579245 14.917624
20.145230 4.435877 14.132591
49.247326 4.941256 12.976146
24.741847 4.601387 12.253040
26.044731 4.609590 17.417604
39.504152 4.843073 13.569444
22.813665 4.515560 12.632138
23.367246 4.537816 12.920160
60.063094 5.034087 16.311241
27.300487 4.610566 11.075752
36.160811 4.781791 15.256661
21.705187 4.468556 19.347507
49.521938 4.936231 13.251035
32.928278 4.743605 14.142921
26.310605 4.617918 14.198539
29.785230 4.639607 12.607910
59.059579 4.998572 12.558472
25.467327 4.587646 10.827286
31.553369 4.724815 15.451167
42.344528 4.862760 12.847524
17.965969 4.322150 11.352246
29.662787 4.657930 15.052344
18.608690 4.346253 14.056791
17.548408 4.279085 21.042075
29.748148 4.676366 14.234409
36.142292 4.777319 13.060893
25.917281 4.578008 10.258797
32.697362 4.718596 14.040999
28.897076 4.685404 17.188643
35.832479 4.804756 11.722215
66.565616 5.059224 11.858306
38.856985 4.839939 17.450989
67.276395 5.042171 12.980833
43.209451 4.880746 10.328418
41.057123 4.879552 16.204943
40.980174 4.868501 18.155917
34.930439 4.750442 13.014449
30.724980 4.716548 16.194576
63.708841 5.106362 11.527063
24.683678 4.584002 13.345536
71.342817 5.121346 18.669556
21.523171 4.483319 9.840966
37.204004 4.791313 11.378326
31.881194 4.733633 16.738933
16.266300 4.256144 13.063582
34.426438 4.780181 14.385939
29.414388 4.681125 15.052490
32.774049 4.733800 14.153451
37.517206 4.828590 15.221510
50.127609 4.947676 13.395156
37.639371 4.851098 14.714128
29.904026 4.661327 14.002521
63.958819 5.062814 16.855864
22.234998 4.531867 12.510500
15.683477 4.192301 21.283815
24.437473 4.588835 19.717390
15.472608 4.260001 9.137460
29.947145 4.737386 14.067197
36.702801 4.807658 13.341754
35.616756 4.760211 12.713042
56.178384 5.003613 16.281148
46.813532 4.913299 13.073753
41.794170 4.864534 13.679732
40.210364 4.843208 15.284447
43.085884 4.894488 16.874647
30.338578 4.711272 22.343168
100.807536 5.151100 6.835459
20.370675 4.419476 13.504918
35.678529 4.805343 16.208454
38.032826 4.845642 14.100350
71.342876 5.123731 14.302262
27.333984 4.653991 15.905709
40.994475 4.868588 17.899938
26.359406 4.611611 15.180342
40.450007 4.695826 5.085370
29.701204 4.675695 14.246578
38.444372 4.839141 13.263559
46.490093 4.891923 15.400382
88.554282 5.259135 19.613810
26.596704 4.580999 15.576281
15.938486 4.197722 17.095489
25.616410 4.634042 9.727779
41.450555 4.853626 10.554751
34.525966 4.798576 15.077397
45.832042 4.747171 5.383078
32.852306 4.694490 11.610202
34.536391 4.759200 15.629512
38.462589 4.835724 17.448364
32.898472 4.755856 17.641337
35.412367 4.802711 13.513374
36.813729 4.800350 13.826460
47.841055 4.929128 16.499140
37.159528 4.798733 12.476843
25.070088 4.593099 13.932382
34.487497 4.755180 15.557016
26.291518 4.601662 13.527771
17.936927 4.377284 13.574533
30.448551 4.688522 16.111649
35.277748 4.772778 15.135986
32.976099 4.758557 15.905201
35.811078 4.785480 9.535308
65.845431 5.046507 14.060565
34.188187 4.775084 18.233990
33.201366 4.731735 12.647801
38.748056 4.813824 13.864193
33.627856 4.727232 13.327002
15.324997 4.206014 15.914030
51.374670 4.990915 16.494601
60.681944 5.040382 16.320518
30.287927 4.727935 17.795472
20.963412 4.457914 11.747615
23.865795 4.534834 18.046133
79.394647 5.108946 12.688050
21.057111 4.399466 11.405810
64.868054 5.036213 14.238601
37.206511 4.810747 17.779559
38.646691 4.819367 17.054591
27.356963 4.653604 13.582556
33.107983 4.747177 14.117271
92.973762 5.201752 21.221410
31.275747 4.703240 17.340725
31.004570 4.721494 18.721896
35.381235 4.803083 15.627569
30.454354 4.672599 11.644955
38.579772 4.836962 18.257030
52.188588 4.958543 17.545694
17.425777 4.273207 21.164139
38.449130 4.823879 13.660577
30.841335 4.750157 11.750528
63.902330 5.058766 14.574091
32.310211 4.722526 17.465339
52.288556 4.951894 19.419962
36.249734 4.799094 16.931024
30.671317 4.710220 11.888501
39.090440 4.832432 16.454902
43.160890 4.881130 15.526348
19.483347 4.405394 17.900199
54.020362 4.969552 20.130535
41.252674 4.865936 14.078516
58.548871 4.995437 13.682235
49.304696 4.892483 7.447386
43.019324 4.875281 14.299350
35.433289 4.811976 16.493479
39.196118 4.856038 10.100243
102.574264 5.227356 9.645344
27.578600 4.618758 16.584794
30.536125 4.716372 19.257474
60.545796 5.049294 17.612606
41.090441 4.903013 16.530472
31.704017 4.717909 14.016709
17.888201 4.309299 10.856152
63.673352 5.040016 14.368672
19.821469 4.437199 18.522706
30.568574 4.720916 21.241183
50.518979 4.953510 13.407568
33.280630 4.750606 14.188618
31.198143 4.759366 23.980920
18.492967 4.393557 18.178872
24.830567 4.583685 13.316562
36.705454 4.803486 17.914125
120.892902 5.291628 16.017809
28.084910 4.642218 15.344883
71.277768 5.108046 11.525367
58.865407 5.015618 12.931995
34.586207 4.779570 17.209842
48.276876 4.955392 14.999138
14.996545 4.182713 16.109296
67.480737 5.068008 14.335844
26.833374 4.626347 13.682649
74.943642 5.138318 11.446804
132.912747 5.296079 8.737359
46.024393 4.912155 16.411980
30.845406 4.760512 13.680333
38.223157 4.859880 15.021382
35.696238 4.787015 14.188760
15.816706 4.206738 16.308315
49.691548 4.931702 9.158317
62.069688 5.034715 16.759436
45.423567 4.911733 10.611048
23.074399 4.484022 14.156725
29.410001 4.704763 20.728689
72.074462 5.080845 15.281698
37.694498 4.848206 15.339492
30.553416 4.682525 11.984181
31.090362 4.737819 20.807194
42.816683 4.895256 15.796070
30.122544 4.659551 14.614310
29.878100 4.678606 12.655167
40.810412 4.852726 17.121913
35.097708 4.749828 12.517312
24.111545 4.425042 5.162410
31.392199 4.735426 17.694137
33.832161 4.791269 14.043920
80.386970 5.114631 10.081600
20.780837 4.420472 17.931895
30.204405 4.688003 12.590561
62.763255 5.017297 9.251620
48.635971 4.940253 16.201416
25.774900 4.657155 16.406497
31.024366 4.679459 14.789359
19.417883 4.406679 12.162226
41.020675 4.840566 12.025391
43.747202 4.923270 12.732408
31.943011 4.703738 16.483562
30.508094 4.673360 11.708220
44.953655 4.862746 8.718548
19.428281 4.413548 13.723911
23.896807 4.547187 15.297367
33.320200 4.762043 15.598659
34.037522 4.743430 14.037590
37.392926 4.817020 16.277538
15.892790 4.174721 23.595930
30.059434 4.698315 14.106120
73.278896 5.134076 15.608429
39.151442 4.815933 14.682234
29.140586 4.650347 11.384908
30.141368 4.705553 20.184943
64.307503 5.089841 19.310472
35.064994 4.760550 10.234153
27.677676 4.655431 11.660083
64.465293 5.029946 9.661083
39.126134 4.863788 13.508671
51.366236 4.977471 15.074425
47.065620 4.913093 14.034315
28.237569 4.654199 11.180254
17.929938 4.374157 11.973979
32.311945 4.740490 19.241748
49.646571 4.931271 9.176329
27.659753 4.630251 14.378222
94.096416 5.227712 21.276562
42.682809 4.901959 21.671166
40.890032 4.852202 15.661619
48.502274 4.923487 16.442744
88.227895 5.194506 11.340550
23.094876 4.535464 9.919421
40.964576 4.836888 9.330377
27.436536 4.655796 9.969817
69.747967 5.102133 15.287441
32.345428 4.739983 14.902747
21.285248 4.438834 10.781238
68.750015 5.107935 16.923624
58.651533 5.042329 18.372867
59.613655 5.018315 10.977528
26.441201 4.619151 8.578027
32.412693 4.756746 13.810023
105.796216 5.212341 10.263121
33.353827 4.700725 19.906253
41.157873 4.808961 6.954024
42.065709 4.889343 21.389215
50.731143 4.941026 10.916435
25.364347 4.599839 12.585335
24.921964 4.566269 18.303085
70.385325 5.066102 9.696777
80.238436 5.134697 9.327449
33.052403 4.743209 17.232126
48.390910 4.937467 16.184339
19.406302 4.403104 20.585813
43.003672 4.897041 13.655495
36.011623 4.786071 16.416497
26.448359 4.570772 12.323190
23.000444 4.520531 10.601534
31.073563 4.659479 21.928150
51.094324 4.976698 12.608614
41.065132 4.882824 12.384593
38.644589 4.831417 8.637904
31.234499 4.743091 23.577280
47.319130 4.967263 14.439390
25.787030 4.587068 18.747394
27.992092 4.674176 18.963524
21.666918 4.446484 11.278420
32.037454 4.725564 17.411519
12.933107 4.072463 15.082224
13.397562 4.064109 23.319320
27.231064 4.651806 13.973943
29.918684 4.705827 15.840174
69.710590 5.101736 15.284218
41.472434 4.851811 22.118482
15.900875 4.233625 16.189089
38.073668 4.839765 12.735149
45.821066 4.905641 17.069129
33.004814 4.745759 19.264359
45.206614 4.852813 11.764750
29.009656 4.672108 15.337558
53.133937 4.962070 16.043714
41.156633 4.808216 6.860878
94.812464 5.238022 11.194787
46.843694 4.888834 11.940195
40.508335 4.862859 16.218274
22.800346 4.525820 11.186533
34.949406 4.764911 15.417930
30.703304 4.697371 15.813123
19.896745 4.421804 12.725039
35.739606 4.772040 10.653285
34.990402 4.790498 19.127794
25.239978 4.573288 18.267110
32.402044 4.740481 12.159558
41.880926 4.886325 21.315920
22.529920 4.466000 10.302031
14.512349 4.105025 6.088680
17.082980 4.338083 12.005758
38.928308 4.831794 12.330921
47.134417 4.961146 14.367142
70.183203 5.070161 19.529060
23.733586 4.543422 11.399387
115.460590 5.261637 8.591872
184.345831 5.204076 5.217415
33.086318 4.743867 17.287399
57.234613 4.961140 7.817227
25.740589 4.643386 17.404297
184.607353 5.204562 5.193019
61.510204 4.995135 9.355396
59.825695 5.024176 12.900379
39.784096 4.858998 10.746031
36.261776 4.810120 15.566947
184.149856 5.203241 5.218272
19.324882 4.392675 15.051502
34.396921 4.749791 12.104810
20.117256 4.432815 8.135375
39.657591 4.818985 10.626805
43.783831 4.885204 13.538425
191.556976 5.239258 5.220858
47.680046 4.920431 8.578483
43.695926 4.910804 14.864296
32.511750 4.771050 13.445034
13.491211 4.048799 17.425133
24.295007 4.565763 12.545025
50.039150 4.894493 6.646725
31.797986 4.728345 16.093816
30.592725 4.680904 13.674874
15.216296 4.216544 13.527370
32.009344 4.733576 15.842756
28.016507 4.635028 13.912693
20.995497 4.458727 11.764384
38.100674 4.801649 12.384293
28.549631 4.685842 23.091869
25.576832 4.598630 17.101532
46.041484 4.907442 16.971780
44.099777 4.887709 13.011554
34.913912 4.788701 19.090996
36.856814 4.760371 6.147529
21.614384 4.439065 9.977052
37.810762 4.839315 14.387745
31.058880 4.692880 11.839475
20.498591 4.426085 13.101300
60.030769 5.049313 14.570520
30.403508 4.632609 15.991870
192.830470 5.240739 5.146968
44.980244 4.902840 13.137576
108.436791 5.217456 12.708460
29.360958 4.679333 9.789197
25.161045 4.535951 14.352588
51.195765 4.960950 9.140875
32.030289 4.729437 17.446491
35.316908 4.777557 10.427123
28.511269 4.662147 16.920504
101.753039 5.218887 10.076890
47.224662 4.892797 11.896906
54.673107 5.007854 15.937917
44.278610 4.911277 17.060256
33.176785 4.756039 15.022759
45.351092 4.891009 17.369663
32.379563 4.736090 15.263147
34.092866 4.763330 11.994691
22.234252 4.502314 10.056593
39.581378 4.741847 5.961440
46.849299 4.904906 14.113030
87.512042 5.159540 11.052855
38.513383 4.775237 8.021289
47.077550 4.916300 13.690331
16.581241 4.253864 16.110776
24.309420 4.430104 5.291293
58.038080 5.034763 17.746363
21.522485 4.468867 14.116055
40.070698 4.850327 15.770827
42.572486 4.884237 16.588563
45.058012 4.898625 16.168767
28.938987 4.691432 16.613654
35.097264 4.767523 18.588861
27.755807 4.692148 15.745701
21.821487 4.487459 22.320457
25.581794 4.621986 11.104753
19.065075 4.378714 11.970730
33.065539 4.768214 15.749091
63.799702 5.062902 13.652466
30.847016 4.736855 14.727805
50.684031 4.929918 16.378559
61.371542 5.033161 8.199008
43.669433 4.872664 14.369870
22.623401 4.504717 15.583454
20.244576 4.436545 8.197806
31.490535 4.698824 9.418815
28.429495 4.658360 15.278691
18.628516 4.282550 5.362849
30.322158 4.712080 22.073060
51.275012 4.903573 6.697655
19.206535 4.393357 11.116404
36.499560 4.822714 14.306265
37.022275 4.754976 7.859854
35.175506 4.764655 7.775478
17.497488 4.335428 23.562442
37.425509 4.788737 7.720531
27.371610 4.617826 14.161797
44.817082 4.877705 14.241634
15.781376 4.270204 9.380975
29.295262 4.652048 15.682302
47.341709 4.933125 16.279619
69.785702 5.114582 14.676577
30.592052 4.680766 12.993890
59.021245 5.035991 12.699311
35.352641 4.773138 8.422863
41.438888 4.848829 24.190886
32.964828 4.746850 17.044387
57.466752 5.032015 15.140451
39.663379 4.838682 19.125843
41.285907 4.847658 23.919840
39.759703 4.789532 9.835965
32.264858 4.718180 16.576371
41.441436 4.879031 15.588245
18.012963 4.256002 5.471393
24.924386 4.591543 16.222416
46.111325 4.909684 17.249478
35.563073 4.842722 16.389290
28.149602 4.649779 16.184043
18.367885 4.327941 10.967100
17.545300 4.350854 12.109460
25.585632 4.570642 13.914814
33.737236 4.762827 11.478560
30.373980 4.723037 12.875360
70.638165 5.108310 15.680208
38.146504 4.797708 13.421737
48.169052 4.928125 8.540727
47.952381 4.918363 13.291295
77.380052 5.123522 12.757019
34.860575 4.816587 15.639281
49.546150 4.968397 14.317642
51.305638 5.000118 15.524035
54.403848 4.980894 16.484609
39.593073 4.868740 16.070845
21.582065 4.451289 12.706879
33.582194 4.757407 15.037645
21.982204 4.473280 16.346769
50.514218 4.935741 8.591293
38.865234 4.788440 8.503860
64.527567 4.987332 6.097844
25.109589 4.633125 14.360030
39.696361 4.819221 14.757370
45.720071 4.900545 14.323125
57.044258 5.012250 20.400106
45.136336 4.902673 17.067389
182.383461 5.210049 5.374744
21.087887 4.435749 13.067030
28.239112 4.717945 14.771203
30.710501 4.718300 13.306999
49.018167 4.930915 13.141588
52.751746 4.985679 16.461911
30.037304 4.686162 17.474217
38.128486 4.828063 17.823844
35.931251 4.798148 12.741669
109.905895 5.238628 12.176643
52.943917 4.987022 16.413043
39.125443 4.863846 13.512419
31.265646 4.707728 13.208894
57.288158 5.004884 17.377824
57.930193 5.021419 13.118879
36.848912 4.810078 12.299760
38.292148 4.840920 13.067259
55.691824 4.989026 12.527167
30.787082 4.686440 10.617500
55.790400 5.014482 14.942285
52.421406 4.982454 16.452069
22.829662 4.516404 14.600622
61.472195 5.034133 8.121974
42.464474 4.870142 12.695267
56.332280 5.018841 15.211567
30.828592 4.681024 8.043205
33.266280 4.781619 14.232340
39.493790 4.858447 12.674828
51.392587 4.955086 17.936871
15.370538 4.209876 16.397520
39.361286 4.834706 13.521186
22.112219 4.467782 9.986293
34.182513 4.785416 15.804148
31.320927 4.740171 13.079226
97.337570 5.254078 10.937413
27.012840 4.649842 13.364873
35.203009 4.769224 11.022291
33.610003 4.756595 14.558305
28.617871 4.683174 16.539293
38.198680 4.796001 9.938615
28.654669 4.687150 16.510351
33.799795 4.780199 11.210999
46.326152 4.911844 19.614880
30.411315 4.702899 10.777503
27.810309 4.672451 10.386499
29.936211 4.697456 13.706627
40.681918 4.836833 13.678247
68.061524 5.096947 14.123346
24.783773 4.594476 21.152555
34.959450 4.761148 16.264742
15.988074 4.205533 16.274053
46.776375 4.924608 16.301503
19.572220 4.385996 12.210360
44.889774 4.893699 13.690564
45.787532 4.904527 19.275791
32.842258 4.703268 11.050560
82.013149 5.163444 19.652163
30.058619 4.729875 13.851630
36.827037 4.817648 15.671737
37.730634 4.773040 8.403984
34.842944 4.757284 12.017413
23.424657 4.536897 11.320005
26.743544 4.626922 16.057147
20.858182 4.455112 14.295954
36.641149 4.757886 6.601173
25.825323 4.638760 17.889385
39.054875 4.845887 12.711340
46.793836 4.895333 13.316831
19.122648 4.400207 12.348037
35.043066 4.778201 14.944649
37.635768 4.789097 7.391343
30.878900 4.697870 15.703548
36.586069 4.814952 14.098382
33.243838 4.750721 15.657027
39.919958 4.748700 6.166170
101.948930 5.238863 11.673225
66.865266 5.057641 18.132444
27.566355 4.665498 22.967388
39.827136 4.827826 12.775497
23.262187 4.541120 15.341263
35.242030 4.791148 13.430890
20.167464 4.435055 8.193591
62.133145 5.039772 7.697946
37.874468 4.826002 15.968160
22.520606 4.521180 16.804121
17.504342 4.335699 23.603813
25.497803 4.569333 10.340419
60.884487 5.031162 15.793044
26.607735 4.623519 13.697619
30.243648 4.687316 15.745144
32.202076 4.744199 16.410134
29.324428 4.690146 16.058473
43.615437 4.902960 14.075927
24.278726 4.572555 16.328033
90.834714 5.169351 9.247224
47.410141 4.954595 10.882905
46.421711 4.937544 14.088378
28.199368 4.662554 15.080776
23.610106 4.521371 16.908663
13.721260 4.076505 23.131179
32.782568 4.742899 18.517391
39.574984 4.747523 6.558774
35.188575 4.790633 18.137924
95.079946 5.215743 21.438409
41.535181 4.859520 10.922239
36.847194 4.802325 9.604323
37.597413 4.788560 7.376035
39.149623 4.842341 22.282689
37.438356 4.830956 17.671330
43.604813 4.889166 15.642380
35.208178 4.790822 16.411826
46.682401 4.942989 11.260969
37.999622 4.815689 12.799126
46.878888 4.942074 10.825052
30.081231 4.697854 14.021576
25.552812 4.605724 13.780822
32.518790 4.742719 14.820863
28.584090 4.666102 11.600848
28.725041 4.674112 16.983732
112.391932 5.245110 8.441609
51.898414 4.983415 22.297471
29.120316 4.690060 18.530889
59.487713 4.974408 7.447771
29.837288 4.697376 14.284072
32.610596 4.747979 18.037311
60.730292 5.047117 14.687394
104.288829 5.268393 22.829449
35.177401 4.784643 17.417318
13.378801 4.117288 17.243990
43.743761 4.876341 13.987043
23.128445 4.554998 17.036920
41.194268 4.846676 23.681466
37.163920 4.808223 14.880105
184.543701 5.220604 5.206885
25.285837 4.616225 10.637334
17.800869 4.328942 14.299960
38.662955 4.819094 17.030449
39.074374 4.848854 23.817899
26.081030 4.614007 9.151152
33.396756 4.742064 15.624634
30.903134 4.739392 11.524792
23.595245 4.542168 16.239275
69.247286 5.085353 12.347314
79.884525 5.158020 11.299474
103.401449 5.260111 22.778727
36.766637 4.730481 6.686148
29.180289 4.705312 14.803097
33.600677 4.791736 14.736992
42.487496 4.876643 12.206529
91.599514 5.162427 10.460419
70.386808 5.108303 18.562978
43.305282 4.835025 9.526327
38.425926 4.825495 14.255972
36.093741 4.809600 13.331180
13.285496 4.111917 24.934137
94.483046 5.201334 8.861127
24.505527 4.583574 16.874554
33.106321 4.749549 15.700043
31.756880 4.727660 15.756387
83.855015 5.159921 16.371677
79.961083 5.163569 20.129374
51.209114 4.964601 14.796936
25.706045 4.597889 8.094505
14.194452 4.135972 24.483293
12.890661 4.048103 23.489201
25.111998 4.591995 10.175230
36.780667 4.804821 16.274476
23.613009 4.556999 15.323458
53.572827 4.979097 13.195217
38.301840 4.842212 16.159918
27.361618 4.627098 9.556283
38.808457 4.810374 8.572321
26.857863 4.631083 16.068057
23.152776 4.525577 16.589659
34.023372 4.743165 14.037328
42.467633 4.881583 16.196694
38.787527 4.829459 14.475469
35.035954 4.769936 8.390334
38.822565 4.830388 8.743385
40.643317 4.840653 11.223461
46.466889 4.938166 14.097673
31.275285 4.695120 18.037787
19.831360 4.393898 18.120087
28.089871 4.661068 11.602490
71.148293 5.095759 18.523816
38.230329 4.834101 17.867179
31.272796 4.694680 18.085797
85.646694 5.173562 17.027834
55.702312 4.997216 17.964531
33.953553 4.754730 13.154714
36.403313 4.812383 13.338852
51.929590 4.983211 22.265633
36.502370 4.792736 10.835512
34.566675 4.760359 20.043911
50.940292 4.908887 8.821858
37.884845 4.811938 13.561248
19.954373 4.429274 8.059377
18.375852 4.390744 18.206921
81.688923 5.138705 17.104841
22.182542 4.522008 17.559916
26.540706 4.598363 15.887537
37.424818 4.812369 14.815069
26.535884 4.623074 17.555172
32.316940 4.738668 14.499236
42.925898 4.897852 17.929977
42.264907 4.897839 12.885986
24.432882 4.550413 20.457190
16.627211 4.330716 10.181139
26.273848 4.591120 15.663929
25.635306 4.563503 9.992525
30.362280 4.696346 14.356478
44.715141 4.737385 5.257885
29.109699 4.691854 16.185850
39.260484 4.843973 22.710823
22.913684 4.531985 17.787223
48.448005 4.930971 8.395863
33.803877 4.782350 12.959822
20.158119 4.432151 20.917238
39.669394 4.864712 12.715279
32.617012 4.733983 16.060325
23.118186 4.507089 9.550836
14.759536 4.160145 24.470865
43.442802 4.894944 14.140631
43.763788 4.906033 13.097382
48.371199 4.931774 14.153335
12.630599 4.036223 23.779169
44.427578 4.730145 5.044229
27.883041 4.658109 11.608735
18.507842 4.282882 6.401893
30.856146 4.710157 13.937518
54.787439 5.001851 15.131605
48.061730 4.936373 14.593345
189.428067 5.232223 5.152247
46.986394 4.925641 18.488373
44.660582 4.864123 7.682367
32.846001 4.746704 14.736499
37.036583 4.805179 10.912618
23.211181 4.551171 18.252042
28.691213 4.674665 19.932981
29.725784 4.725509 11.143123
42.118531 4.890858 13.630892
33.575077 4.757867 11.670725
29.641139 4.680214 15.390908
34.419396 4.797053 16.095601
17.546855 4.233783 5.499924
23.297639 4.574021 12.802665
26.021536 4.621736 22.758134
29.412761 4.681098 13.749379
22.847766 4.519006 10.777966
22.614780 4.516247 9.239165
29.591574 4.663591 14.902392
14.721256 4.158884 24.484661
16.586982 4.333853 12.211724
25.185649 4.560597 11.918377
91.541028 5.179681 9.410224
190.239065 5.235253 5.064868
39.629193 4.842217 8.751399
56.346673 4.993951 19.959812
44.975911 4.908953 11.705608
42.814196 4.889479 15.303994
54.528341 4.948782 8.708793
34.461266 4.788291 15.725654
27.258701 4.664043 18.783200
16.117205 4.249071 12.943458
55.195734 4.987478 12.729920
28.785620 4.668413 14.026926
42.433799 4.867413 11.174872
26.091356 4.626333 17.332048
40.305185 4.845650 15.338372
43.941738 4.912181 12.519019
30.383891 4.698579 15.240383
105.794168 5.235495 9.696176
21.487062 4.461201 19.655224
35.819750 4.783166 10.679144
23.046562 4.530044 12.482172
56.508022 5.000540 12.569368
33.453138 4.764931 12.824461
34.649899 4.768567 7.960587
32.049880 4.728881 14.540742
36.094161 4.775688 12.683174
49.001158 4.924804 8.059982
31.669835 4.727792 14.341107
32.885461 4.750944 15.642427
40.818527 4.859223 22.044327
42.249208 4.881944 16.378453
24.824242 4.567957 21.945924
91.194539 5.087987 6.844002
25.079610 4.599930 17.655223
45.221270 4.876034 8.821659
72.463721 5.112347 14.274916
19.450622 4.441140 23.402912
47.511681 4.933013 14.915153
57.205211 5.016102 17.471869
28.665576 4.622680 14.366746
34.723444 4.787407 14.177754
21.278221 4.457210 10.415609
28.524539 4.648982 14.828367
23.926881 4.550379 16.170454
19.926719 4.415868 20.281387
34.766489 4.786846 16.541583
48.198930 4.913700 8.370287
51.343811 4.953713 13.512653
43.808058 4.885250 14.670398
22.286983 4.469651 13.347372
41.416576 4.889872 23.119321
101.517507 5.190292 9.244623
30.780498 4.707064 13.378166
77.952229 5.097206 14.137879
17.138025 4.365196 22.186795
38.127457 4.822322 11.925745
36.625854 4.781929 17.319175
68.078449 5.078918 14.093441
55.637788 4.958850 8.530401
68.157974 5.092543 17.829329
54.625667 4.999875 15.103150
42.442197 4.859938 11.981643
39.961473 4.810702 7.435941
27.622465 4.638124 15.912169
26.978814 4.637253 10.795582
44.204612 4.906444 16.635067
81.723090 5.145086 11.381013
33.411526 4.751106 15.073716
21.225714 4.489008 8.993333
40.185537 4.880394 15.340820
32.632513 4.742843 15.516912
32.461227 4.714971 16.041622
70.144843 5.107870 13.765135
35.505304 4.768150 12.552060
18.536187 4.368799 15.092215
57.160510 4.968440 8.071114
12.441951 4.018598 17.821097
38.583502 4.820910 16.035396
42.034007 4.895776 22.016371
51.657439 4.973693 16.305963
48.373256 4.911638 14.415150
15.063526 4.188421 15.124396
28.252447 4.636774 13.877607
27.992214 4.645647 17.536627
49.815862 4.957693 14.831272
15.328400 4.233802 12.210215
38.488638 4.813257 11.656246
21.140733 4.439147 12.609416
77.047300 5.096320 9.785490
40.753409 4.843932 13.065050
39.961713 4.848573 15.136707
62.014760 5.029557 17.078833
25.346796 4.574970 11.688910
28.981095 4.678909 19.770635
49.701396 4.935036 13.537177
25.832791 4.586832 11.841317
27.585677 4.649832 12.926193
24.474895 4.547576 14.282902
34.387223 4.783736 13.091805
34.919310 4.713703 6.544008
34.726737 4.759337 16.296417
33.180320 4.753282 15.397937
48.798849 4.921777 13.824890
23.968134 4.559184 17.541785
35.861787 4.721911 5.723805
23.607873 4.561368 14.720652
36.435929 4.771082 9.556346
34.567630 4.725768 8.047459
61.237177 4.991948 8.907900
35.598009 4.768796 12.376391
40.689019 4.859166 22.846949
30.563416 4.702110 15.335341
37.118497 4.817271 12.022364
30.559473 4.669653 21.708912
30.400046 4.705991 12.211671
37.484235 4.805244 17.226539
27.596237 4.625758 14.308153
25.917289 4.590274 20.390137
16.587018 4.251540 10.607812
42.893193 4.908333 12.970797
72.643714 5.086582 18.993133
40.228206 4.886460 15.379731
33.742154 4.746772 12.096621
38.903609 4.836132 14.144323
37.582999 4.840714 14.598757
41.121144 4.881414 12.943327
30.181771 4.691357 16.749637
27.600307 4.631119 12.701528
45.043177 4.911291 15.006863
26.879541 4.592889 6.956859
28.000282 4.656802 12.631741
39.996207 4.841651 9.646044
22.547846 4.483717 10.057171
23.174514 4.534031 12.573872
44.983525 4.908898 11.706255
19.163719 4.408011 10.079948
51.119276 4.978315 14.857072
55.587943 5.007239 17.741560
32.449837 4.763467 12.356338
30.532605 4.694905 17.103221
55.791683 5.010537 19.046874
48.727328 4.943022 15.403463
32.408830 4.743275 18.119575
36.263023 4.760586 8.796264
14.632784 4.113932 6.466434
43.645902 4.897006 11.959132
37.145416 4.809676 12.823093
31.067976 4.691275 17.843029
36.034902 4.794714 24.322166
33.704637 4.786385 15.584275
13.096221 4.045440 17.703129
171.862704 5.458350 16.023068
36.903549 4.791784 10.482707
28.528020 4.662168 16.457178
35.030156 4.758883 15.608281
19.919000 4.415507 20.273202
36.500609 4.803952 12.941220
53.053900 4.983281 14.143110
30.899688 4.714142 13.903862
14.550860 4.170873 15.478765
38.705008 4.790802 12.380213
43.287161 4.901565 12.491911
52.727621 4.977094 12.140529
30.356887 4.732280 12.356094
26.863213 4.639189 15.475265
26.490230 4.608421 20.063666
29.531504 4.676817 13.154195
45.162521 4.920306 16.514672
164.782902 5.438068 20.383959
31.314877 4.691730 13.029354
107.223792 5.292330 23.028769
44.641118 4.920067 12.594971
25.652754 4.598658 11.370957
48.333765 4.939729 14.532062
34.591245 4.727995 8.064748
31.141567 4.738886 15.508362
64.030622 5.073820 12.105102
104.565646 5.227437 9.726565
46.297015 4.916600 18.206246
37.111635 4.816341 16.745442
27.024013 4.644297 12.476496
31.261927 4.707742 15.781589
37.018025 4.807609 19.492558
30.251926 4.701849 18.058594
42.997789 4.860305 14.060954
23.488659 4.563690 13.500121
26.547686 4.607037 10.991418
24.624893 4.606987 15.188572
31.907545 4.729784 13.802604
40.319380 4.816395 7.525923
93.050568 5.160864 10.451751
29.528826 4.685827 21.435663
40.861844 4.826606 12.619911
30.995287 4.710599 15.931178
93.060118 5.217184 15.263337
22.916423 4.540190 18.413710
60.379985 5.037801 12.018827
25.375068 4.590128 20.351750
37.057206 4.818097 12.536978
36.481864 4.773314 14.385936
32.603687 4.739785 16.615219
29.592038 4.682636 9.987438
31.539425 4.702074 13.167781
32.372728 4.749627 12.556266
81.860401 5.146970 11.451652
56.275480 4.996802 11.853420
83.246987 5.134168 9.685121
46.624602 4.926837 15.564310
40.459273 4.810405 8.238339
34.394829 4.755176 15.383793
21.787273 4.462055 11.685179
26.188785 4.610123 13.376831
39.411938 4.854756 16.138648
24.704061 4.594491 17.728076
27.354741 4.640179 12.905362
24.820381 4.597033 17.680586
31.231331 4.720651 15.479849
41.255060 4.878456 13.391467
35.905285 4.792629 12.333859
32.137971 4.736837 14.935160
29.650278 4.692194 14.628196
44.430700 4.729479 5.016606
47.217304 4.903322 7.657467
44.786370 4.877086 16.119959
34.702030 4.769551 8.576430
28.103182 4.679826 15.864782
33.642355 4.747603 8.953783
19.529362 4.397556 7.471452
41.860223 4.866428 15.324644
20.931053 4.447611 19.938128
17.498672 4.369464 18.364392
31.443092 4.702057 13.533720
47.723418 4.941353 11.937448
37.623268 4.815398 14.802279
39.171286 4.840752 15.229136
44.232211 4.913166 10.097921
34.042717 4.775593 15.336592
31.034685 4.714927 13.047024
41.271565 4.867749 23.446933
65.963685 5.081934 14.756839
29.033640 4.665686 18.407707
37.709017 4.815988 15.079396
